50 493 5
66 92 91 64 47 22 81 59 78 63 29 31 97 21 37 32 87 6 30 61 13 7 77 3 70 48 26 65 24 17 16 46 11 72 95 33 34 85 8 44 39 54 45 57 19 15 50 18 86 4
48 29
6 47
16 46
38 24
27 10
38 12
11 47
4 35
34 16
28 45
1 17
28 27
49 12
4 43
48 45
36 13
1 3
1 9
41 44
6 1
47 50
7 13
31 2
9 5
33 22
33 23
17 10
48 32
37 3
44 46
41 2
40 11
20 9
25 35
40 23
23 50
18 46
20 46
36 45
37 9
43 31
42 20
43 15
4 8
32 5
50 19
48 40
40 15
6 24
44 27
41 26
41 20
24 8
42 8
28 46
36 23
50 3
41 12
11 28
48 46
40 13
14 20
28 15
49 50
19 10
20 2
7 2
30 3
6 49
11 13
34 15
14 43
4 26
40 30
28 36
39 36
37 36
30 29
37 28
28 38
13 17
44 12
15 17
21 5
22 44
24 26
38 43
40 20
18 5
42 7
6 20
32 47
32 2
8 15
24 16
24 18
44 9
27 3
34 50
11 23
40 18
4 23
5 3
34 17
39 20
18 16
39 31
30 44
21 46
43 12
30 9
9 46
34 5
28 9
39 47
25 19
25 3
4 15
11 21
19 12
36 27
20 10
30 5
31 10
41 7
42 10
50 21
42 31
48 20
13 46
6 8
44 13
40 38
32 1
18 20
26 19
22 19
40 10
15 23
43 2
13 23
49 9
41 6
22 3
40 37
39 22
25 13
45 10
14 25
19 2
28 44
40 28
40 9
49 10
36 29
8 1
47 21
4 5
37 31
32 49
26 49
11 4
33 5
4 24
20 1
14 45
41 11
14 15
47 3
33 44
40 17
33 47
9 10
48 22
24 9
41 19
47 2
16 49
22 35
8 50
6 26
31 5
38 1
28 7
6 43
44 50
15 21
37 12
11 46
6 50
6 3
11 49
45 47
20 50
8 3
14 49
19 5
48 2
30 4
43 9
8 29
22 49
42 4
21 2
38 18
34 29
14 32
16 10
37 26
20 15
18 27
49 35
4 45
1 12
44 3
40 47
26 15
4 34
6 13
7 29
48 13
38 49
23 35
35 10
11 18
42 46
48 25
11 9
34 1
27 29
43 46
33 2
44 23
28 20
26 27
45 29
6 21
4 17
12 3
42 2
33 13
41 30
18 35
20 44
7 17
45 31
48 47
30 6
33 42
34 21
48 7
36 17
16 5
42 16
14 19
49 5
23 9
6 18
19 3
37 6
39 50
36 49
39 4
20 12
6 44
42 44
4 2
39 19
42 29
28 43
24 12
32 28
38 21
40 14
40 27
27 31
28 2
42 13
1 46
34 20
28 6
47 23
37 13
43 7
33 6
7 35
7 3
26 35
32 18
32 31
38 17
15 29
6 34
41 8
26 46
37 21
16 47
38 29
1 15
24 21
36 26
41 34
14 34
42 45
27 12
14 9
14 46
32 43
11 44
48 37
22 45
2 5
40 2
37 25
20 29
48 21
11 22
13 49
14 1
28 29
11 38
20 17
20 5
41 39
26 44
33 14
30 39
41 14
31 46
16 31
30 21
32 38
16 2
42 3
44 45
40 32
39 44
6 25
4 50
37 46
44 15
25 1
48 11
30 50
47 31
8 19
25 44
1 27
1 19
40 19
22 5
40 22
39 35
33 17
16 12
37 49
30 12
23 3
25 34
18 12
18 2
48 9
30 25
15 46
36 47
8 17
15 5
39 7
43 3
4 12
33 41
11 39
37 38
41 22
7 19
32 29
37 1
33 39
38 45
37 4
48 19
48 17
25 49
26 1
28 1
29 5
39 5
41 16
13 12
15 19
16 27
32 19
44 47
4 49
41 35
35 31
44 35
30 11
37 45
47 27
30 17
14 7
8 5
6 23
34 43
14 36
48 49
40 21
48 8
22 29
42 37
36 43
28 4
11 34
39 46
15 3
18 8
30 19
33 24
46 10
33 45
15 10
47 13
43 50
25 29
6 17
35 29
1 29
7 15
30 37
42 47
11 16
22 13
6 46
14 29
48 27
41 38
46 12
43 21
42 1
39 12
41 15
48 15
50 29
48 30
45 23
29 31
1 49
23 49
36 34
40 29
42 28
48 34
17 2
1 13
33 8
42 18
32 23
32 10
37 35
27 17
50 10
7 27
44 5
47 19
24 43
37 5
38 4
4 47
50 46
30 26
35 5
6 16
1 50
28 47
37 19
48 42
42 14
22 2
42 43
4 27
36 7
36 44
32 7
37 20
7 10
34 7
39 10
19 17
39 3
28 34
14 39
41 29
S 28 29
S 14 49
C 2
C 28
M
