10 19 95
82 61 66 52 64 24 78 90 50 10
5 6
4 10
2 10
6 2
1 2
5 2
9 10
6 7
8 7
4 9
6 9
5 3
6 1
9 7
4 7
5 4
8 10
9 3
6 10
S 10 6
S 7 8
S 9 3
S 10 8
S 3 5
S 8 10
S 4 5
S 7 8
S 10 6
S 10 4
S 5 2
S 7 8
S 9 7
S 10 4
S 4 7
S 9 6
S 10 4
S 7 6
S 2 5
S 8 10
S 6 1
S 10 4
S 7 8
S 3 9
S 7 4
S 4 7
S 5 4
S 8 7
S 2 1
S 6 9
S 6 9
S 10 2
S 6 5
S 5 2
S 10 4
S 10 8
S 3 5
S 3 9
S 3 5
S 4 9
S 6 7
S 4 9
S 2 5
S 9 4
S 9 4
S 1 2
S 4 5
S 7 8
S 2 10
S 4 10
S 2 1
S 1 6
S 10 4
S 6 5
S 8 7
S 7 8
S 4 7
S 2 6
S 4 10
S 10 8
S 5 6
S 8 10
S 9 6
S 10 2
S 3 9
S 9 7
S 5 3
S 10 6
S 10 2
S 9 10
S 10 6
S 7 9
S 6 7
S 3 5
S 6 7
S 2 6
S 7 9
S 3 9
S 2 1
S 6 1
S 9 10
S 4 7
S 10 8
S 8 7
S 4 10
S 10 9
S 2 10
S 6 1
S 10 9
S 8 10
S 3 5
S 2 10
S 7 6
S 5 6
S 10 6
