70 934 1000
91 2 18 60 30 70 20 40 9 90 28 37 62 11 63 41 17 23 69 47 24 21 55 10 61 76 12 86 39 5 98 35 52 22 53 85 92 68 31 0 72 57 38 45 64 71 13 29 99 42 65 94 8 79 75 77 34 15 67 16 25 83 58 27 14 80 56 59 36 54
25 8
12 14
7 14
5 25
31 12
45 59
34 61
62 9
56 43
8 45
15 62
25 61
13 31
14 46
53 69
37 46
37 56
34 50
42 2
66 19
13 50
65 32
11 9
63 50
67 36
21 41
35 2
43 1
12 8
42 60
15 18
47 12
31 16
19 54
3 38
37 16
7 41
34 46
27 45
53 40
53 17
23 48
33 57
24 63
4 18
67 60
40 9
12 48
56 20
5 19
10 69
68 48
53 13
13 33
58 9
56 58
24 54
27 61
42 38
22 63
13 67
65 18
5 50
5 43
26 19
23 61
41 52
54 14
27 39
34 62
36 29
55 64
19 51
52 9
24 47
47 48
34 11
21 20
35 38
70 28
9 63
4 5
21 11
6 44
49 33
5 29
65 55
56 52
65 40
30 3
40 36
53 3
11 8
10 61
19 48
53 31
4 43
31 61
64 16
43 63
49 10
26 3
48 57
66 43
24 45
26 11
34 21
27 62
62 51
42 23
62 70
66 18
5 22
13 8
14 33
42 11
63 69
31 28
10 44
70 20
15 67
55 52
3 20
49 59
27 57
52 28
26 7
6 15
18 44
53 22
20 16
10 8
53 63
40 12
22 36
38 33
49 22
8 39
23 58
41 36
12 44
58 17
29 46
65 44
5 56
56 33
7 36
55 70
29 63
30 11
66 69
47 29
42 3
25 57
2 1
62 43
66 56
26 20
21 10
40 3
50 61
43 36
2 50
31 58
67 12
34 59
6 56
58 63
42 36
38 22
37 19
40 60
27 24
68 43
54 50
56 18
35 59
18 63
37 8
11 52
64 28
54 48
11 29
68 44
26 9
61 46
38 64
13 3
34 39
53 56
17 50
67 32
20 17
55 57
31 36
37 67
27 36
24 48
42 58
68 59
21 17
2 44
7 58
22 17
38 46
18 64
11 36
34 63
54 17
13 55
6 17
1 32
66 39
7 52
54 61
7 55
3 10
26 69
6 4
4 9
11 10
53 62
28 39
70 45
63 39
47 8
13 47
5 59
38 28
34 43
58 46
3 61
4 48
56 8
37 68
27 48
7 42
7 68
43 14
20 61
18 59
25 16
6 13
60 17
38 29
38 43
52 45
23 47
13 54
62 3
6 28
31 18
56 51
65 61
21 47
53 46
36 45
31 43
53 65
49 13
68 2
44 50
53 14
21 70
66 9
42 33
2 54
30 21
26 31
41 70
15 42
66 41
69 32
64 57
47 59
23 9
53 28
13 25
53 2
9 51
31 20
54 33
29 1
34 54
24 51
55 14
66 59
21 56
14 44
18 14
55 48
13 18
6 43
17 63
4 38
55 39
33 45
8 50
47 39
3 60
53 66
5 16
7 22
12 59
42 22
48 44
20 22
15 68
64 50
35 39
24 32
47 51
34 44
53 64
41 14
7 38
30 67
70 48
40 8
35 48
65 38
55 61
26 14
24 39
26 10
53 4
11 12
26 36
27 37
10 16
70 61
27 54
54 10
6 41
66 7
9 14
55 25
36 28
6 7
49 1
56 41
15 41
65 36
24 14
21 38
47 55
62 25
13 24
8 1
35 70
19 41
33 50
15 22
6 27
47 57
67 3
2 64
28 63
9 69
5 48
23 45
52 1
53 15
19 50
62 16
3 22
7 31
27 16
55 20
29 16
67 20
7 23
49 44
53 21
4 27
2 43
7 28
49 4
5 13
70 58
56 10
52 61
6 37
52 17
35 4
59 50
6 12
9 57
15 28
51 61
12 20
34 65
66 51
3 41
49 30
31 55
31 64
15 1
62 23
37 41
52 8
66 62
65 43
13 23
12 63
21 54
70 36
2 16
67 8
56 32
49 37
37 24
53 32
70 64
60 61
47 17
8 16
30 51
65 58
15 48
25 52
41 58
66 13
43 59
30 18
31 48
66 67
62 40
35 7
30 50
33 44
37 61
31 63
6 10
11 51
67 25
7 64
37 44
33 51
30 45
20 33
4 56
48 29
13 69
38 51
49 62
41 10
62 42
65 66
20 48
62 18
40 33
4 28
32 51
40 64
40 59
26 33
21 59
53 41
6 68
48 33
58 51
49 32
62 28
21 29
26 59
63 16
30 19
28 16
43 8
5 17
36 8
22 1
68 13
12 36
68 28
30 52
40 45
37 51
2 10
65 42
6 8
24 20
22 51
26 47
6 9
1 69
56 54
34 64
6 70
7 12
43 33
37 47
67 56
23 67
48 10
3 9
47 1
35 23
25 14
69 46
24 60
33 1
58 50
19 25
3 2
42 14
37 22
37 25
56 17
18 8
15 63
40 38
23 59
18 61
55 17
43 61
11 32
22 16
6 30
27 3
26 51
19 16
17 10
35 19
35 43
10 28
60 10
5 33
68 42
23 31
53 9
4 51
65 60
27 18
65 9
47 33
23 51
26 27
31 10
4 29
29 51
3 17
1 50
28 57
66 47
55 10
60 8
42 56
65 67
43 50
11 20
15 55
13 1
35 37
2 31
22 64
13 17
36 14
60 38
41 39
13 21
26 21
7 50
17 59
15 17
30 25
34 51
63 59
49 27
48 9
40 47
70 29
26 18
57 69
7 3
42 67
56 1
38 17
70 46
16 59
15 51
24 64
42 25
33 69
68 24
60 41
64 59
2 28
38 12
68 57
38 70
29 61
3 70
68 56
41 64
19 52
42 61
3 39
40 29
66 10
34 9
66 45
38 69
26 38
34 22
63 1
21 58
54 29
11 61
63 61
24 22
13 52
24 69
68 31
19 57
21 25
6 21
2 22
15 13
7 67
7 39
35 18
34 69
4 70
53 54
56 64
18 22
53 36
27 64
42 31
49 61
26 16
40 22
27 70
23 3
24 58
17 44
4 58
34 18
14 61
53 55
31 39
30 31
34 47
41 9
45 57
40 18
65 8
7 18
47 31
49 23
30 62
53 23
66 40
19 22
4 33
39 61
48 64
41 8
16 57
8 63
62 64
23 57
21 44
15 8
34 70
8 61
40 31
8 57
30 28
24 43
35 45
22 9
2 9
41 17
65 70
35 42
5 36
58 64
15 24
49 43
33 59
58 16
21 14
59 51
47 56
66 48
35 34
38 11
23 10
66 54
23 36
34 20
21 1
26 24
27 63
31 70
66 68
35 20
67 47
49 51
34 12
7 5
53 30
36 10
18 36
42 29
26 53
17 69
65 3
34 36
9 17
25 33
34 56
23 18
10 51
30 8
2 57
43 25
43 64
19 67
15 23
4 14
66 44
68 17
3 8
19 43
28 44
40 43
30 47
6 11
47 43
54 51
22 33
34 16
7 70
6 14
30 16
62 44
7 21
49 60
62 57
58 61
30 69
22 52
9 8
60 9
26 23
56 14
65 46
25 59
12 45
49 36
41 28
13 70
33 16
26 22
49 20
13 56
48 8
7 1
26 56
10 57
13 40
63 51
27 60
4 12
55 8
23 52
49 52
42 69
47 54
54 58
49 19
6 1
35 33
56 57
27 42
66 57
34 24
29 44
35 6
19 11
60 22
13 48
65 57
7 60
24 31
10 33
49 6
15 2
17 61
70 50
17 16
35 22
4 16
27 28
5 58
59 32
66 5
43 20
66 25
7 9
26 17
40 70
5 1
12 39
52 39
13 20
62 63
56 61
7 11
49 58
6 24
60 18
43 52
18 17
67 51
49 47
20 50
58 32
55 51
7 25
27 69
47 11
6 47
34 19
43 29
42 10
42 32
3 56
65 14
36 63
20 63
49 66
11 43
53 57
19 31
54 45
66 16
45 61
3 64
58 29
53 42
2 59
15 47
70 44
36 9
13 36
30 9
41 51
42 16
13 39
38 45
6 16
36 32
16 46
34 5
7 16
19 20
58 69
29 10
12 1
38 57
38 8
24 17
35 27
62 2
15 54
62 59
28 51
66 50
62 55
44 32
15 20
31 29
69 51
12 10
16 50
67 44
35 12
41 32
38 55
59 69
15 31
15 61
65 10
8 32
27 43
23 43
68 16
27 67
47 63
36 33
13 29
5 61
60 16
35 3
25 32
22 45
13 63
69 39
33 63
21 24
37 28
19 47
6 33
62 58
38 44
38 36
6 45
62 45
30 58
4 68
4 8
4 2
66 63
36 16
47 16
55 58
38 10
62 32
35 13
30 40
49 39
31 25
37 12
58 39
6 58
31 1
11 25
6 61
11 63
C 10
C 27
C 2
C 57
C 11
C 53
C 67
C 8
C 27
C 18
C 52
C 2
C 51
C 13
C 44
C 6
C 1
C 52
C 4
C 11
C 16
C 11
C 53
C 13
C 19
C 69
C 1
C 45
C 69
C 7
C 31
C 14
C 7
C 35
C 37
C 63
C 46
C 7
C 33
C 5
C 64
C 53
C 23
C 15
C 55
C 2
C 62
C 44
C 61
C 35
C 62
C 30
C 26
C 29
C 63
C 66
C 18
C 46
C 44
C 51
C 21
C 60
C 39
C 16
C 45
C 32
C 10
C 44
C 40
C 64
C 25
C 10
C 24
C 22
C 56
C 38
C 53
C 18
C 19
C 64
C 70
C 43
C 68
C 38
C 43
C 28
C 46
C 55
C 51
C 63
C 45
C 49
C 2
C 20
C 21
C 29
C 29
C 38
C 67
C 66
C 28
C 49
C 25
C 41
C 40
C 33
C 66
C 40
C 18
C 66
C 60
C 33
C 27
C 19
C 8
C 68
C 2
C 52
C 52
C 57
C 8
C 36
C 54
C 69
C 58
C 59
C 33
C 43
C 57
C 55
C 12
C 24
C 17
C 54
C 4
C 3
C 4
C 40
C 5
C 25
C 50
C 32
C 37
C 42
C 64
C 54
C 8
C 1
C 33
C 24
C 36
C 61
C 35
C 5
C 37
C 48
C 31
C 51
C 34
C 44
C 24
C 49
C 47
C 14
C 26
C 9
C 30
C 31
C 41
C 30
C 25
C 50
C 5
C 51
C 62
C 57
C 44
C 45
C 66
C 21
C 35
C 20
C 55
C 10
C 1
C 31
C 42
C 13
C 60
C 27
C 63
C 38
C 52
C 54
C 53
C 59
C 29
C 65
C 34
C 3
C 38
C 51
C 15
C 4
C 26
C 30
C 26
C 68
C 20
C 45
C 53
C 33
C 1
C 27
C 37
C 68
C 45
C 31
C 23
C 28
C 37
C 50
C 6
C 10
C 22
C 50
C 59
C 68
C 3
C 60
C 3
C 16
C 55
C 70
C 50
C 35
C 42
C 41
C 61
C 19
C 59
C 51
C 26
C 69
C 27
C 41
C 36
C 17
C 13
C 48
C 69
C 17
C 62
C 33
C 28
C 44
C 17
C 64
C 15
C 34
C 24
C 27
C 42
C 51
C 18
C 16
C 3
C 24
C 39
C 25
C 1
C 11
C 19
C 28
C 46
C 14
C 70
C 57
C 54
C 48
C 43
C 37
C 57
C 22
C 42
C 23
C 7
C 11
C 47
C 7
C 66
C 9
C 26
C 31
C 13
C 23
C 46
C 5
C 33
C 43
C 31
C 63
C 5
C 49
C 43
C 35
C 22
C 26
C 10
C 17
C 59
C 67
C 4
C 33
C 35
C 42
C 40
C 66
C 23
C 9
C 58
C 62
C 62
C 9
C 61
C 34
C 61
C 4
C 52
C 50
C 17
C 14
C 18
C 51
C 52
C 32
C 46
C 53
C 46
C 66
C 3
C 5
C 28
C 5
C 20
C 51
C 26
C 11
C 10
C 6
C 39
C 57
C 68
C 39
C 3
C 59
C 68
C 13
C 24
C 32
C 6
C 37
C 53
C 40
C 65
C 23
C 62
C 46
C 51
C 43
C 35
C 6
C 22
C 17
C 37
C 3
C 60
C 44
C 64
C 36
C 13
C 52
C 32
C 49
C 42
C 36
C 11
C 32
C 62
C 66
C 18
C 61
C 24
C 65
C 9
C 21
C 15
C 51
C 45
C 63
C 14
C 41
C 9
C 30
C 68
C 46
C 20
C 54
C 55
C 44
C 54
C 55
C 8
C 28
C 70
C 50
C 61
C 10
C 20
C 45
C 47
C 29
C 55
C 36
C 24
C 27
C 52
C 26
C 22
C 6
C 11
C 58
C 10
C 70
C 22
C 65
C 5
C 58
C 49
C 21
C 15
C 27
C 32
C 23
C 8
C 69
C 65
C 19
C 51
C 11
C 18
C 27
C 61
C 7
C 6
C 67
C 44
C 31
C 39
C 7
C 39
C 57
C 28
C 11
C 39
C 42
C 67
C 3
C 3
C 37
C 44
C 20
C 65
C 50
C 1
C 51
C 33
C 37
C 30
C 50
C 25
C 26
C 64
C 23
C 49
C 44
C 41
C 29
C 9
C 30
C 10
C 29
C 37
C 68
C 15
C 15
C 52
C 2
C 50
C 50
C 51
C 64
C 1
C 64
C 26
C 30
C 22
C 20
C 16
C 26
C 52
C 27
C 32
C 64
C 4
C 35
C 7
C 61
C 30
C 9
C 66
C 50
C 60
C 67
C 70
C 52
C 15
C 52
C 51
C 36
C 7
C 38
C 46
C 12
C 51
C 47
C 16
C 50
C 53
C 58
C 5
C 32
C 28
C 50
C 45
C 53
C 39
C 37
C 56
C 65
C 11
C 68
C 36
C 6
C 32
C 42
C 2
C 51
C 8
C 2
C 42
C 4
C 13
C 4
C 9
C 53
C 5
C 4
C 33
C 6
C 38
C 58
C 59
C 3
C 66
C 62
C 3
C 19
C 9
C 39
C 64
C 1
C 70
C 35
C 25
C 8
C 51
C 28
C 39
C 62
C 50
C 23
C 68
C 17
C 40
C 33
C 22
C 10
C 49
C 21
C 70
C 67
C 58
C 1
C 14
C 4
C 20
C 26
C 20
C 6
C 27
C 70
C 47
C 8
C 36
C 44
C 38
C 18
C 58
C 1
C 11
C 62
C 64
C 9
C 60
C 38
C 17
C 36
C 6
C 52
C 29
C 58
C 11
C 4
C 47
C 22
C 55
C 69
C 27
C 36
C 62
C 42
C 26
C 52
C 40
C 23
C 16
C 55
C 40
C 12
C 37
C 45
C 13
C 34
C 17
C 66
C 16
C 64
C 3
C 52
C 19
C 70
C 36
C 12
C 36
C 36
C 7
C 42
C 47
C 7
C 28
C 30
C 48
C 12
C 64
C 48
C 27
C 65
C 43
C 61
C 47
C 22
C 45
C 36
C 62
C 33
C 59
C 42
C 2
C 39
C 14
C 3
C 5
C 38
C 33
C 37
C 46
C 9
C 59
C 48
C 9
C 1
C 52
C 46
C 60
C 32
C 47
C 43
C 57
C 54
C 20
C 54
C 27
C 42
C 64
C 58
C 40
C 47
C 34
C 37
C 8
C 1
C 40
C 13
C 59
C 54
C 56
C 52
C 21
C 69
C 38
C 5
C 30
C 50
C 10
C 12
C 43
C 45
C 52
C 18
C 50
C 59
C 47
C 20
C 61
C 39
C 35
C 28
C 45
C 55
C 25
C 16
C 7
C 62
C 67
C 50
C 46
C 2
C 22
C 57
C 48
C 23
C 15
C 45
C 3
C 56
C 27
C 24
C 49
C 8
C 28
C 25
C 60
C 53
C 37
C 58
C 8
C 21
C 47
C 57
C 55
C 39
C 25
C 50
C 52
C 8
C 41
C 60
C 53
C 64
C 26
C 56
C 16
C 9
C 25
C 38
C 15
C 19
C 58
C 33
C 21
C 51
C 67
C 46
C 50
C 8
C 53
C 1
C 25
C 2
C 26
C 51
C 59
C 33
C 69
C 16
C 59
C 44
C 25
C 28
C 21
C 17
C 31
C 33
C 19
C 44
C 66
C 22
C 31
C 48
C 44
C 46
C 38
C 43
C 58
C 62
C 68
C 12
C 42
C 70
C 38
C 18
C 12
C 52
C 6
C 27
C 9
C 12
C 1
C 16
C 27
C 70
C 57
C 46
C 15
C 30
C 66
C 61
C 48
C 12
C 8
C 36
C 39
C 9
C 68
C 32
C 43
C 17
C 24
C 36
C 2
C 8
C 37
C 59
C 38
C 16
C 29
C 45
C 41
C 50
C 42
C 45
C 48
C 30
C 47
C 34
C 17
C 15
C 1
C 23
C 52
C 11
C 49
C 19
C 70
C 52
C 21
C 38
C 16
C 45
C 29
C 55
C 57
C 26
C 67
C 57
C 1
C 30
C 65
C 60
C 21
C 47
C 68
C 54
C 23
C 22
C 29
C 45
C 60
C 56
C 36
C 38
C 66
C 19
C 58
C 1
C 31
C 58
C 36
C 45
C 68
C 3
C 5
C 9
C 44
C 43
C 18
C 68
C 26
C 15
C 50
C 59
C 19
C 28
C 69
C 48
C 42
C 24
C 3
C 54
C 52
C 42
C 42
C 47
C 63
C 9
C 9
C 67
C 47
C 58
C 60
C 18
C 40
C 56
C 68
C 62
C 14
C 58
C 42
C 11
C 53
C 27
C 25
C 45
C 8
C 29
C 56
C 44
C 34
C 43
C 45
C 21
C 49
C 56
C 13
C 31
C 39
C 15
C 5
C 4
C 68
C 62
C 8
C 68
C 69
C 48
C 12
C 64
C 53
C 34
