100 584 2920
71 56 9 23 8 31 33 46 32 70 76 88 52 10 85 78 79 18 29 42 2 14 57 37 27 77 3 60 91 59 50 95 11 41 36 68 61 16 66 75 13 81 74 45 94 43 54 64 92 7 1 80 67 19 83 21 98 26 17 72 82 84 6 93 38 15 4 24 44 53 86 30 97 89 99 20 0 87 48 49 22 58 28 62 90 69 51 47 96 34 25 63 65 39 73 40 35 5 55 12
28 89
92 5
99 58
25 16
4 80
17 100
82 4
95 42
69 7
51 24
52 69
94 89
17 82
33 60
23 97
87 33
30 22
59 69
79 34
34 44
38 74
37 76
81 74
100 93
11 84
77 24
51 64
56 8
91 84
17 40
81 32
13 42
18 69
68 17
26 25
71 84
54 16
14 3
2 59
19 43
25 14
30 11
1 45
30 36
56 48
70 32
78 7
100 11
38 14
2 37
63 20
2 63
87 43
60 8
86 20
84 90
48 16
72 25
31 40
2 32
31 3
81 5
35 38
65 86
64 62
47 4
47 48
33 84
81 60
64 90
1 9
33 89
68 83
71 38
79 20
80 46
15 89
3 46
11 48
60 42
51 27
64 98
38 3
66 86
96 84
6 69
92 44
10 41
23 59
57 50
73 76
91 48
41 74
51 16
42 41
87 65
93 46
29 62
71 78
31 76
35 14
45 29
92 21
34 24
32 84
56 32
93 80
23 90
99 39
73 87
6 93
89 67
88 27
30 90
71 69
47 98
57 23
24 99
50 66
6 96
81 66
37 85
13 99
7 8
26 10
77 44
26 74
4 21
88 66
13 75
49 99
27 25
77 99
6 35
86 34
91 43
92 33
74 3
98 46
37 90
44 90
92 54
70 18
50 64
65 91
92 65
10 47
88 41
54 66
43 20
72 23
1 66
95 41
94 34
23 53
88 11
30 25
28 91
56 75
30 27
41 46
27 79
36 48
64 39
83 43
56 15
3 67
37 52
30 39
15 78
47 34
30 59
33 3
76 14
50 27
29 20
13 4
51 44
83 1
77 20
57 82
35 8
2 55
50 38
57 14
72 53
31 44
40 58
6 70
88 24
28 70
49 48
68 8
45 46
11 18
19 75
6 43
77 85
49 28
17 81
1 24
100 95
26 18
81 67
36 90
51 42
99 69
69 21
47 70
11 74
50 74
22 41
40 60
72 98
84 14
100 54
57 67
73 11
86 82
72 59
23 5
31 79
70 66
39 7
11 38
45 34
54 61
30 94
36 64
62 63
100 52
44 98
1 31
61 76
47 67
65 58
6 77
18 46
34 39
68 82
43 97
11 89
54 62
2 61
11 63
15 44
36 53
1 7
55 48
29 91
68 89
83 10
56 12
74 46
81 42
96 28
9 60
83 98
88 78
25 21
15 7
26 76
23 60
2 85
36 57
98 93
76 98
95 16
45 35
29 58
81 75
100 50
56 33
19 7
22 34
96 76
1 14
68 6
4 39
68 13
78 55
9 35
32 90
92 84
19 53
65 20
37 24
24 3
37 28
42 53
26 4
70 44
51 23
51 93
91 75
83 31
29 8
9 58
40 24
90 59
19 59
35 12
73 59
22 12
17 33
26 59
27 46
6 85
23 78
31 82
83 27
81 14
56 43
87 98
77 52
59 75
31 34
1 86
35 42
65 37
50 25
26 45
25 43
100 32
32 67
15 84
2 94
68 14
42 48
63 39
74 20
91 39
41 89
25 80
71 16
22 35
66 94
49 16
65 93
88 47
34 97
37 32
49 58
84 38
15 71
83 13
17 75
13 18
53 16
6 12
60 34
20 8
32 12
74 24
43 8
88 64
70 40
56 14
4 69
81 59
56 29
45 88
88 50
76 8
73 60
87 32
36 98
26 36
92 59
30 50
83 6
56 25
2 43
23 91
60 99
86 74
87 19
61 19
58 16
12 41
50 67
94 25
51 39
91 79
1 10
72 32
73 45
30 20
40 19
10 21
31 58
41 90
83 33
96 41
64 40
41 43
6 80
36 59
73 19
33 78
76 99
13 77
91 63
28 52
10 20
64 20
82 8
26 44
45 63
2 82
77 16
30 10
96 7
77 39
15 90
11 16
63 16
90 93
52 58
61 43
84 44
56 4
23 43
56 94
64 34
18 39
38 43
79 19
72 31
60 93
51 38
60 94
73 66
27 3
68 16
74 52
45 54
36 39
38 82
11 41
22 99
72 97
92 28
33 5
25 74
68 11
35 80
31 64
17 50
56 44
71 4
79 5
44 99
87 99
65 25
10 24
36 18
9 80
30 79
10 38
18 80
88 59
23 29
44 21
17 25
57 20
54 98
49 40
70 59
20 80
96 39
23 3
54 69
9 44
54 47
87 38
28 21
90 85
70 25
96 88
70 64
25 4
70 90
19 82
61 60
70 9
15 20
43 52
17 20
29 18
96 20
15 58
15 85
73 21
17 69
83 64
22 59
66 43
96 50
61 14
2 24
44 7
68 55
99 59
72 9
99 48
68 19
13 28
12 4
38 52
28 97
54 89
92 41
72 34
35 3
65 21
57 9
10 53
64 84
31 4
17 91
97 67
25 85
90 5
99 20
62 21
13 49
28 76
81 63
49 53
61 82
100 4
78 93
56 77
26 13
94 97
7 21
36 4
40 98
83 22
81 50
42 58
58 93
43 4
18 58
42 63
97 80
74 59
65 10
2 22
100 64
72 60
97 75
56 69
37 77
66 62
23 52
86 4
95 45
6 19
74 48
30 86
6 15
84 85
29 86
73 92
10 93
78 39
36 52
54 77
68 48
35 85
14 82
14 48
49 11
31 99
34 93
56 80
86 75
51 80
83 35
55 39
55 14
48 46
S 74 26
S 4 86
S 15 7
S 3 31
S 6 68
S 50 81
S 48 74
S 64 39
S 78 93
S 86 65
S 10 65
S 28 89
S 38 52
S 3 14
S 69 21
S 72 34
S 69 99
S 12 6
S 44 7
S 79 27
S 52 74
S 72 34
S 19 68
S 32 84
S 29 8
S 58 93
S 25 50
S 10 65
S 96 76
S 34 39
S 80 97
S 57 36
S 3 33
S 88 64
S 52 77
S 87 99
S 54 100
S 23 97
S 27 83
S 25 21
S 56 69
S 76 61
S 68 8
S 8 56
S 99 39
S 4 82
S 4 12
S 27 46
S 61 43
S 76 8
S 30 11
S 42 60
S 83 10
S 16 51
S 50 66
S 34 97
S 86 29
S 23 29
S 61 2
S 28 89
S 56 44
S 61 82
S 16 53
S 80 97
S 27 51
S 13 77
S 39 7
S 37 77
S 10 65
S 82 19
S 68 16
S 76 28
S 15 71
S 35 38
S 65 21
S 14 81
S 57 20
S 30 86
S 13 28
S 98 40
S 21 4
S 88 59
S 19 43
S 86 34
S 42 48
S 18 46
S 38 11
S 15 56
S 46 27
S 15 90
S 14 81
S 68 11
S 16 58
S 4 21
S 53 16
S 68 8
S 10 93
S 97 28
S 32 84
S 34 44
S 16 25
S 34 79
S 31 1
S 81 59
S 84 38
S 72 60
S 9 58
S 76 99
S 81 60
S 77 52
S 48 99
S 41 88
S 34 39
S 90 93
S 19 61
S 33 83
S 56 77
S 79 34
S 62 63
S 26 74
S 1 9
S 41 42
S 69 54
S 53 16
S 93 80
S 2 63
S 27 30
S 91 28
S 11 100
S 21 10
S 93 90
S 37 76
S 65 20
S 59 26
S 23 5
S 90 32
S 40 64
S 64 40
S 74 86
S 11 74
S 4 36
S 67 47
S 87 99
S 4 71
S 4 47
S 93 78
S 41 11
S 93 34
S 47 48
S 66 81
S 86 29
S 84 92
S 41 46
S 10 83
S 64 62
S 73 59
S 4 39
S 62 54
S 83 98
S 47 4
S 81 75
S 14 84
S 13 18
S 33 5
S 15 7
S 17 82
S 56 33
S 33 60
S 67 32
S 64 84
S 14 3
S 65 92
S 74 48
S 41 43
S 93 90
S 46 98
S 70 40
S 31 44
S 86 1
S 4 80
S 81 17
S 65 10
S 80 20
S 100 64
S 88 47
S 4 56
S 59 2
S 67 81
S 34 31
S 90 84
S 58 40
S 95 100
S 67 3
S 35 14
S 24 3
S 26 76
S 23 90
S 86 1
S 24 2
S 56 44
S 72 32
S 39 64
S 20 65
S 42 53
S 23 43
S 55 48
S 21 25
S 40 64
S 49 53
S 11 18
S 39 63
S 45 54
S 99 44
S 60 23
S 68 13
S 56 15
S 25 94
S 13 75
S 91 79
S 59 19
S 36 4
S 21 62
S 44 99
S 8 76
S 1 45
S 56 94
S 77 6
S 14 68
S 66 54
S 72 31
S 42 51
S 38 82
S 96 28
S 90 44
S 78 23
S 20 77
S 43 61
S 89 28
S 34 44
S 17 25
S 11 30
S 91 63
S 62 54
S 72 25
S 42 81
S 69 59
S 59 74
S 54 77
S 50 67
S 27 30
S 74 26
S 92 59
S 44 51
S 98 36
S 4 39
S 16 68
S 74 59
S 38 74
S 9 72
S 53 49
S 94 97
S 81 5
S 13 18
S 28 70
S 75 59
S 63 39
S 24 3
S 20 64
S 92 73
S 71 78
S 87 99
S 63 20
S 15 90
S 2 32
S 79 91
S 11 63
S 98 72
S 77 85
S 40 64
S 76 26
S 35 85
S 64 83
S 25 50
S 36 98
S 35 38
S 49 53
S 16 25
S 10 41
S 59 73
S 13 77
S 42 81
S 10 21
S 44 51
S 39 63
S 77 37
S 48 99
S 16 71
S 14 61
S 42 58
S 50 81
S 50 25
S 65 92
S 63 42
S 7 96
S 74 25
S 98 72
S 58 16
S 62 29
S 68 11
S 87 33
S 52 43
S 74 59
S 66 86
S 2 32
S 21 69
S 20 43
S 56 75
S 51 16
S 44 77
S 82 2
S 99 77
S 32 12
S 16 68
S 93 58
S 23 51
S 29 91
S 80 18
S 69 52
S 60 9
S 20 86
S 79 19
S 20 96
S 25 80
S 73 19
S 4 82
S 53 19
S 3 67
S 89 28
S 10 30
S 94 66
S 24 1
S 88 45
S 84 11
S 74 25
S 40 58
S 44 77
S 56 14
S 40 24
S 24 37
S 6 93
S 34 79
S 73 21
S 80 20
S 85 6
S 88 41
S 32 84
S 47 48
S 23 72
S 63 45
S 46 41
S 53 16
S 12 4
S 83 6
S 60 9
S 90 85
S 10 1
S 46 27
S 18 69
S 96 84
S 4 82
S 15 44
S 96 39
S 41 22
S 62 21
S 54 66
S 90 70
S 19 79
S 37 65
S 38 10
S 33 17
S 54 89
S 58 16
S 23 57
S 51 42
S 33 56
S 98 47
S 77 13
S 89 68
S 31 79
S 4 80
S 10 53
S 88 27
S 26 76
S 45 35
S 7 78
S 55 78
S 44 31
S 53 23
S 35 42
S 57 9
S 17 20
S 20 57
S 86 75
S 7 21
S 74 52
S 91 79
S 80 56
S 84 44
S 80 46
S 23 60
S 26 59
S 94 89
S 43 61
S 74 3
S 70 9
S 88 11
S 66 1
S 10 21
S 59 74
S 90 84
S 75 17
S 19 40
S 58 40
S 81 60
S 10 24
S 39 64
S 33 83
S 68 89
S 34 86
S 59 75
S 66 73
S 2 59
S 75 19
S 45 73
S 8 56
S 88 66
S 93 65
S 68 83
S 18 29
S 62 29
S 83 43
S 83 35
S 38 51
S 8 7
S 84 96
S 14 25
S 68 13
S 2 59
S 10 65
S 24 51
S 83 68
S 53 19
S 21 92
S 90 37
S 74 24
S 66 1
S 11 88
S 21 7
S 99 13
S 19 87
S 69 17
S 59 90
S 55 2
S 13 99
S 98 72
S 60 23
S 80 25
S 41 90
S 37 65
S 87 38
S 50 25
S 41 22
S 89 54
S 18 11
S 96 20
S 94 30
S 87 98
S 31 79
S 99 59
S 1 7
S 10 20
S 78 71
S 59 2
S 64 34
S 3 35
S 82 17
S 8 60
S 19 59
S 30 20
S 28 76
S 31 76
S 100 50
S 4 21
S 21 73
S 58 49
S 42 41
S 17 50
S 23 60
S 10 53
S 16 49
S 87 65
S 43 20
S 76 96
S 16 95
S 38 52
S 86 75
S 96 50
S 47 10
S 24 88
S 41 92
S 63 62
S 24 10
S 56 25
S 25 74
S 58 52
S 91 29
S 42 60
S 44 98
S 4 69
S 97 72
S 33 84
S 3 31
S 21 73
S 85 37
S 50 100
S 56 69
S 98 72
S 11 49
S 69 6
S 50 64
S 5 81
S 10 53
S 32 87
S 82 17
S 41 92
S 34 64
S 4 71
S 46 3
S 17 25
S 80 97
S 75 17
S 75 13
S 81 63
S 46 80
S 93 65
S 17 82
S 78 55
S 66 73
S 50 25
S 51 44
S 100 11
S 99 60
S 8 76
S 42 60
S 46 41
S 96 7
S 34 94
S 17 33
S 50 17
S 25 17
S 46 3
S 50 17
S 11 18
S 19 87
S 22 12
S 21 73
S 90 93
S 20 96
S 78 33
S 32 2
S 20 30
S 21 7
S 30 94
S 60 23
S 35 22
S 58 29
S 6 80
S 14 76
S 100 95
S 66 1
S 84 11
S 41 95
S 19 82
S 23 3
S 9 58
S 41 42
S 4 12
S 15 85
S 94 2
S 71 15
S 31 64
S 67 97
S 98 72
S 99 77
S 25 80
S 80 9
S 59 30
S 49 40
S 64 36
S 41 42
S 12 41
S 54 98
S 44 26
S 3 38
S 99 69
S 56 77
S 14 38
S 44 7
S 98 72
S 3 24
S 26 44
S 43 52
S 13 68
S 36 98
S 27 30
S 56 12
S 11 38
S 75 56
S 67 3
S 70 90
S 52 37
S 40 64
S 15 89
S 17 20
S 34 22
S 90 32
S 84 90
S 3 74
S 66 81
S 17 82
S 29 58
S 94 2
S 54 100
S 14 76
S 67 57
S 30 22
S 83 27
S 88 27
S 21 92
S 25 16
S 41 46
S 52 77
S 28 76
S 98 54
S 28 96
S 92 28
S 71 16
S 16 71
S 21 4
S 3 24
S 43 8
S 90 85
S 34 47
S 4 71
S 60 40
S 74 11
S 81 66
S 25 17
S 13 99
S 83 98
S 10 30
S 15 6
S 67 57
S 20 17
S 56 69
S 7 1
S 21 62
S 51 23
S 68 16
S 8 60
S 98 44
S 38 50
S 48 49
S 88 59
S 14 57
S 70 44
S 78 71
S 18 36
S 7 44
S 69 18
S 90 37
S 56 12
S 33 87
S 100 95
S 87 99
S 93 51
S 33 56
S 28 76
S 21 62
S 54 92
S 50 100
S 83 6
S 100 64
S 54 16
S 2 61
S 81 14
S 73 87
S 37 28
S 79 91
S 54 66
S 64 88
S 31 83
S 8 20
S 39 7
S 9 58
S 34 31
S 33 83
S 54 98
S 60 33
S 97 23
S 97 23
S 45 35
S 48 68
S 6 83
S 65 93
S 44 34
S 32 84
S 19 43
S 34 44
S 94 89
S 77 37
S 99 59
S 93 98
S 29 86
S 78 15
S 83 13
S 79 20
S 92 21
S 91 23
S 47 34
S 65 10
S 19 61
S 56 25
S 81 14
S 67 57
S 23 91
S 24 2
S 68 19
S 98 87
S 56 77
S 73 76
S 79 5
S 98 83
S 36 26
S 43 38
S 79 27
S 23 53
S 3 27
S 98 83
S 53 42
S 71 15
S 35 45
S 66 1
S 43 19
S 40 31
S 11 48
S 65 93
S 92 84
S 66 94
S 68 16
S 28 52
S 2 43
S 6 96
S 4 39
S 58 65
S 56 25
S 91 84
S 36 52
S 30 90
S 6 69
S 25 94
S 68 16
S 95 16
S 68 17
S 42 95
S 28 89
S 58 18
S 13 68
S 65 37
S 37 28
S 8 76
S 97 28
S 55 78
S 76 31
S 71 16
S 13 75
S 51 93
S 54 69
S 39 30
S 82 17
S 64 62
S 69 59
S 75 17
S 8 35
S 3 31
S 63 81
S 45 63
S 66 81
S 32 81
S 65 21
S 92 44
S 44 92
S 70 44
S 83 33
S 53 10
S 25 50
S 48 91
S 32 90
S 92 21
S 93 6
S 84 90
S 60 42
S 88 96
S 41 88
S 58 52
S 7 69
S 69 59
S 71 84
S 58 29
S 41 11
S 58 52
S 4 56
S 8 7
S 83 98
S 1 7
S 44 92
S 89 54
S 15 7
S 35 9
S 91 23
S 43 97
S 93 10
S 37 65
S 39 51
S 35 38
S 86 1
S 78 55
S 34 22
S 30 90
S 6 12
S 90 59
S 27 25
S 6 83
S 25 50
S 66 88
S 52 28
S 28 89
S 48 46
S 59 22
S 69 99
S 46 45
S 11 41
S 37 65
S 39 7
S 92 33
S 24 2
S 97 72
S 3 24
S 5 90
S 40 19
S 35 85
S 62 21
S 24 34
S 33 83
S 22 59
S 56 48
S 22 35
S 56 14
S 18 58
S 32 84
S 78 39
S 9 35
S 56 80
S 32 90
S 14 76
S 38 14
S 43 38
S 67 3
S 39 36
S 81 59
S 96 88
S 89 94
S 6 15
S 34 45
S 12 35
S 73 87
S 13 4
S 83 1
S 66 70
S 59 23
S 4 82
S 57 50
S 90 84
S 56 12
S 62 29
S 34 24
S 47 48
S 47 54
S 63 11
S 60 81
S 25 70
S 47 48
S 24 99
S 44 7
S 58 40
S 27 88
S 42 95
S 13 4
S 38 71
S 91 79
S 87 38
S 96 6
S 12 32
S 20 30
S 70 90
S 48 68
S 33 56
S 29 62
S 20 79
S 29 23
S 28 89
S 97 80
S 96 88
S 60 8
S 80 93
S 43 25
S 24 74
S 24 99
S 3 33
S 80 93
S 14 1
S 69 99
S 15 6
S 30 20
S 37 28
S 20 96
S 70 64
S 70 28
S 82 2
S 99 49
S 77 6
S 90 23
S 70 32
S 82 68
S 44 84
S 43 97
S 57 36
S 23 53
S 99 69
S 21 62
S 76 96
S 30 86
S 77 56
S 9 44
S 40 31
S 94 25
S 46 80
S 33 60
S 73 87
S 45 46
S 58 9
S 38 14
S 50 25
S 26 4
S 1 45
S 91 29
S 10 24
S 30 36
S 70 6
S 7 21
S 95 16
S 38 71
S 4 26
S 54 69
S 47 88
S 74 86
S 74 26
S 45 35
S 93 46
S 18 69
S 78 23
S 37 85
S 89 33
S 100 17
S 93 51
S 72 9
S 87 65
S 41 11
S 99 48
S 67 32
S 29 20
S 68 83
S 63 62
S 59 19
S 81 75
S 99 31
S 91 23
S 19 82
S 3 23
S 20 29
S 68 8
S 24 2
S 34 86
S 27 83
S 22 35
S 17 81
S 57 20
S 74 81
S 36 30
S 35 38
S 56 75
S 7 44
S 31 34
S 60 33
S 99 44
S 25 56
S 8 82
S 22 34
S 61 2
S 69 54
S 56 48
S 93 100
S 17 100
S 44 92
S 73 45
S 6 43
S 4 71
S 20 96
S 86 4
S 58 18
S 43 52
S 48 42
S 16 53
S 44 92
S 32 2
S 34 45
S 99 22
S 73 92
S 98 83
S 52 58
S 22 2
S 98 93
S 37 2
S 58 40
S 18 58
S 68 82
S 6 15
S 41 90
S 21 44
S 52 100
S 56 8
S 2 32
S 72 97
S 62 21
S 17 75
S 21 92
S 93 46
S 79 91
S 1 31
S 89 68
S 40 19
S 51 44
S 35 8
S 77 20
S 71 84
S 18 29
S 83 98
S 16 11
S 27 88
S 75 13
S 27 83
S 40 31
S 17 68
S 7 96
S 23 97
S 27 79
S 65 86
S 9 60
S 13 28
S 17 69
S 78 23
S 99 24
S 29 8
S 34 24
S 83 64
S 11 73
S 20 17
S 17 82
S 35 45
S 2 85
S 62 66
S 23 78
S 52 28
S 45 54
S 51 42
S 64 39
S 9 72
S 70 6
S 93 65
S 39 77
S 34 47
S 20 17
S 43 19
S 21 7
S 41 96
S 88 59
S 83 31
S 29 58
S 15 20
S 58 42
S 42 48
S 29 23
S 61 2
S 8 76
S 14 25
S 32 70
S 37 90
S 65 37
S 9 1
S 33 78
S 79 19
S 57 20
S 97 94
S 52 77
S 31 1
S 60 40
S 15 56
S 41 12
S 22 2
S 21 10
S 68 6
S 3 31
S 19 82
S 56 80
S 46 93
S 91 63
S 81 75
S 73 60
S 15 6
S 60 40
S 3 27
S 62 64
S 6 96
S 45 35
S 94 56
S 92 65
S 11 89
S 38 74
S 34 79
S 46 3
S 62 54
S 49 48
S 34 44
S 78 33
S 16 49
S 23 57
S 35 12
S 13 26
S 25 21
S 75 97
S 86 1
S 17 25
S 80 9
S 59 81
S 77 44
S 100 54
S 5 81
S 43 8
S 75 59
S 42 48
S 39 51
S 79 91
S 82 31
S 68 6
S 57 67
S 3 24
S 83 43
S 39 30
S 5 92
S 94 66
S 90 64
S 72 23
S 31 79
S 68 89
S 48 55
S 8 43
S 78 88
S 8 29
S 26 25
S 46 18
S 20 77
S 17 82
S 73 92
S 33 89
S 21 7
S 1 31
S 4 13
S 81 63
S 35 14
S 90 93
S 77 20
S 23 5
S 88 78
S 63 16
S 81 66
S 17 81
S 66 54
S 37 76
S 93 51
S 16 53
S 60 40
S 92 73
S 14 25
S 93 10
S 87 43
S 25 50
S 96 7
S 64 70
S 92 84
S 77 20
S 94 30
S 61 2
S 62 66
S 44 99
S 84 91
S 39 78
S 47 10
S 78 88
S 37 65
S 48 46
S 18 70
S 66 54
S 5 33
S 100 11
S 4 86
S 58 9
S 72 60
S 1 45
S 31 76
S 75 86
S 13 4
S 67 3
S 54 100
S 24 40
S 28 21
S 23 52
S 93 65
S 88 41
S 99 49
S 73 92
S 40 64
S 34 31
S 36 52
S 76 61
S 38 14
S 30 39
S 32 100
S 38 3
S 25 70
S 96 41
S 41 46
S 81 14
S 82 4
S 54 47
S 6 43
S 14 48
S 6 96
S 76 98
S 99 22
S 10 65
S 84 96
S 75 56
S 79 27
S 15 7
S 78 55
S 76 99
S 1 86
S 20 79
S 93 46
S 26 45
S 43 61
S 77 39
S 18 39
S 56 32
S 25 65
S 20 86
S 13 77
S 39 55
S 9 1
S 74 41
S 90 37
S 7 15
S 81 75
S 36 59
S 12 22
S 93 10
S 16 49
S 25 30
S 37 85
S 90 85
S 82 38
S 87 65
S 76 14
S 59 72
S 63 2
S 75 17
S 48 46
S 92 54
S 46 74
S 30 39
S 20 63
S 68 17
S 68 83
S 51 80
S 77 39
S 23 51
S 15 44
S 60 72
S 19 87
S 52 69
S 17 69
S 99 58
S 44 7
S 43 19
S 3 23
S 10 53
S 51 42
S 3 33
S 39 51
S 40 17
S 80 4
S 45 1
S 50 66
S 13 99
S 25 85
S 8 56
S 68 16
S 41 10
S 74 11
S 68 82
S 94 30
S 44 26
S 71 4
S 77 37
S 6 93
S 71 16
S 16 77
S 54 66
S 20 30
S 79 19
S 73 21
S 54 62
S 25 30
S 80 97
S 70 66
S 2 63
S 81 50
S 38 51
S 47 4
S 74 52
S 4 47
S 92 44
S 31 72
S 64 36
S 47 4
S 27 79
S 67 32
S 4 71
S 61 60
S 4 71
S 65 21
S 41 88
S 88 50
S 73 92
S 90 64
S 9 70
S 59 26
S 35 22
S 20 29
S 96 88
S 55 2
S 26 59
S 18 26
S 93 46
S 48 11
S 78 15
S 7 44
S 25 70
S 1 24
S 4 21
S 33 78
S 48 42
S 38 14
S 74 24
S 99 76
S 39 77
S 18 36
S 51 39
S 41 89
S 53 10
S 14 84
S 11 38
S 1 86
S 67 57
S 18 58
S 12 22
S 35 42
S 77 37
S 45 95
S 29 45
S 81 59
S 90 36
S 69 54
S 4 31
S 78 88
S 8 68
S 7 21
S 88 66
S 47 34
S 86 74
S 15 56
S 14 61
S 16 77
S 55 68
S 42 58
S 79 31
S 23 57
S 84 96
S 25 14
S 44 26
S 63 62
S 13 75
S 38 87
S 14 38
S 34 97
S 2 37
S 4 12
S 54 69
S 62 29
S 58 9
S 96 28
S 46 48
S 54 69
S 36 26
S 93 98
S 52 43
S 15 85
S 23 3
S 40 19
S 56 29
S 91 39
S 59 30
S 58 93
S 70 59
S 30 20
S 79 5
S 63 91
S 79 91
S 82 61
S 48 16
S 81 75
S 1 24
S 4 56
S 64 83
S 34 22
S 67 57
S 28 91
S 100 32
S 7 78
S 86 1
S 32 56
S 93 60
S 55 2
S 20 65
S 15 6
S 25 17
S 63 81
S 72 34
S 72 53
S 10 24
S 12 56
S 69 7
S 60 42
S 33 17
S 93 34
S 41 90
S 82 38
S 50 38
S 41 96
S 13 49
S 72 25
S 71 15
S 37 65
S 80 20
S 15 20
S 2 24
S 45 46
S 97 72
S 65 86
S 81 5
S 39 78
S 83 43
S 76 73
S 10 41
S 2 85
S 6 96
S 15 71
S 1 24
S 89 15
S 31 99
S 22 30
S 26 44
S 83 27
S 25 70
S 57 50
S 72 97
S 48 16
S 9 57
S 11 49
S 69 99
S 57 67
S 40 17
S 40 70
S 23 51
S 98 87
S 35 38
S 98 87
S 71 84
S 51 38
S 76 73
S 9 1
S 64 98
S 52 100
S 88 64
S 88 96
S 51 27
S 80 56
S 24 88
S 31 3
S 56 25
S 62 66
S 9 70
S 13 4
S 88 27
S 83 27
S 26 13
S 95 16
S 4 31
S 86 29
S 80 56
S 83 27
S 1 45
S 89 15
S 51 44
S 8 7
S 20 77
S 34 97
S 25 70
S 27 50
S 4 36
S 61 54
S 7 19
S 77 20
S 58 9
S 53 23
S 44 98
S 75 56
S 70 90
S 37 28
S 97 94
S 69 54
S 24 99
S 51 38
S 51 64
S 15 85
S 15 56
S 99 22
S 43 2
S 55 2
S 73 45
S 37 90
S 72 23
S 91 75
S 34 60
S 76 99
S 29 86
S 51 93
S 85 6
S 11 100
S 48 47
S 6 68
S 39 36
S 26 76
S 49 48
S 37 52
S 60 8
S 35 22
S 48 68
S 64 100
S 68 8
S 22 59
S 93 6
S 34 72
S 6 43
S 94 34
S 25 56
S 24 88
S 92 5
S 84 15
S 25 72
S 30 86
S 92 5
S 29 62
S 80 18
S 76 8
S 92 84
S 29 62
S 25 94
S 14 84
S 4 86
S 23 60
S 42 48
S 58 16
S 21 10
S 3 24
S 85 77
S 22 59
S 53 72
S 27 88
S 21 92
S 91 65
S 20 86
S 39 99
S 56 32
S 3 31
S 52 69
S 23 51
S 96 88
S 40 49
S 42 13
S 11 18
S 96 39
S 58 29
S 97 80
S 4 36
S 92 41
S 19 79
S 53 72
S 87 38
S 59 99
S 88 96
S 76 28
S 16 48
S 38 71
S 35 85
S 39 91
S 41 89
S 81 66
S 25 17
S 48 14
S 62 54
S 8 35
S 24 99
S 81 75
S 19 79
S 90 84
S 18 80
S 99 39
S 36 57
S 34 39
S 21 25
S 24 10
S 34 72
S 67 97
S 6 77
S 94 34
S 24 40
S 38 52
S 31 34
S 85 15
S 64 51
S 18 13
S 2 32
S 7 19
S 81 17
S 30 25
S 80 4
S 30 22
S 37 24
S 23 78
S 56 14
S 73 92
S 60 94
S 83 35
S 68 8
S 24 34
S 40 70
S 74 11
S 34 72
S 94 2
S 64 90
S 96 50
S 56 80
S 92 59
S 26 18
S 91 39
S 62 54
S 99 60
S 79 5
S 45 88
S 42 53
S 35 9
S 19 7
S 43 97
S 89 54
S 6 85
S 32 56
S 77 99
S 81 5
S 81 50
S 91 39
S 27 46
S 13 99
S 90 23
S 10 47
S 83 22
S 89 41
S 76 28
S 4 25
S 64 51
S 5 23
S 63 91
S 80 56
S 67 97
S 94 89
S 86 1
S 58 31
S 31 82
S 60 34
S 94 34
S 58 65
S 43 19
S 56 80
S 59 81
S 27 88
S 41 92
S 59 75
S 18 29
S 2 43
S 3 33
S 74 46
S 53 16
S 37 85
S 9 70
S 74 3
S 28 76
S 48 55
S 74 52
S 74 50
S 32 67
S 64 40
S 20 17
S 92 5
S 25 56
S 90 37
S 72 98
S 66 88
S 56 77
S 44 92
S 49 53
S 19 75
S 55 78
S 79 19
S 54 89
S 40 70
S 24 10
S 69 4
S 68 55
S 62 66
S 10 21
S 81 66
S 58 18
S 92 21
S 62 29
S 10 47
S 44 34
S 84 14
S 28 70
S 21 28
S 75 19
S 52 74
S 88 47
S 74 38
S 59 69
S 57 20
S 30 79
S 93 100
S 84 96
S 44 21
S 61 19
S 83 35
S 65 91
S 78 33
S 88 50
S 56 80
S 50 57
S 28 21
S 61 60
S 99 24
S 35 85
S 36 39
S 92 84
S 56 25
S 48 46
S 26 25
S 25 16
S 68 8
S 90 84
S 82 38
S 77 37
S 7 69
S 75 97
S 16 49
S 29 8
S 21 92
S 98 46
S 97 67
S 21 73
S 73 19
S 81 74
S 35 3
S 93 6
S 3 14
S 55 48
S 29 45
S 33 84
S 38 82
S 3 27
S 43 91
S 63 39
S 10 83
S 15 20
S 44 77
S 74 86
S 81 42
S 61 19
S 68 11
S 10 93
S 86 66
S 27 83
S 86 1
S 4 26
S 2 82
S 7 44
S 78 55
S 52 38
S 59 74
S 83 10
S 89 28
S 10 24
S 77 56
S 90 59
S 57 67
S 43 23
S 36 26
S 59 74
S 33 78
S 12 32
S 70 40
S 1 66
S 5 33
S 57 23
S 71 16
S 42 53
S 36 39
S 51 93
S 6 96
S 55 39
S 6 93
S 62 21
S 25 27
S 47 34
S 63 45
S 56 8
S 37 28
S 1 9
S 22 59
S 11 49
S 6 68
S 15 6
S 59 2
S 98 93
S 73 45
S 43 87
S 28 52
S 47 48
S 75 17
S 35 83
S 91 29
S 70 28
S 10 41
S 43 97
S 4 36
S 42 53
S 69 4
S 1 9
S 80 20
S 53 19
S 11 89
S 15 7
S 6 43
S 52 58
S 2 32
S 31 79
S 68 82
S 52 77
S 37 77
S 75 13
S 66 50
S 87 38
S 77 16
S 21 73
S 74 11
S 77 20
S 25 80
S 21 65
S 30 20
S 16 58
S 34 93
S 15 6
S 98 72
S 82 14
S 38 87
S 4 47
S 44 56
S 59 30
S 90 93
S 56 25
S 44 98
S 97 43
S 13 49
S 89 15
S 41 10
S 86 82
S 74 81
S 72 59
S 88 41
S 23 52
S 35 38
S 39 78
S 34 44
S 43 23
S 37 24
S 96 7
S 15 56
S 90 32
S 53 23
S 27 46
S 33 83
S 84 90
S 75 17
S 33 56
S 30 10
S 32 12
S 69 21
S 24 37
S 28 37
S 39 78
S 45 35
S 33 87
S 52 23
S 50 88
S 82 68
S 38 11
S 50 96
S 99 58
S 35 42
S 30 94
S 77 99
S 3 38
S 3 24
S 39 91
S 98 76
S 10 24
S 76 14
S 42 63
S 69 18
S 99 87
S 50 30
S 15 58
S 44 9
S 23 29
S 30 79
S 82 68
S 23 29
S 6 35
S 86 82
S 71 84
S 33 17
S 40 70
S 45 1
S 78 88
S 14 55
S 20 29
S 92 59
S 82 2
S 91 39
S 14 84
S 42 58
S 39 96
S 87 98
S 43 56
S 73 45
S 67 57
S 77 56
S 71 38
S 19 82
S 27 46
S 44 56
S 89 11
S 27 30
S 6 96
S 40 70
S 47 98
S 56 75
S 93 60
S 79 30
S 64 88
S 41 11
S 17 81
S 93 100
S 14 68
S 45 63
S 77 85
S 61 43
S 74 46
S 54 100
S 71 15
S 90 36
S 19 79
S 7 19
S 11 68
S 28 13
S 85 6
S 47 54
S 99 44
S 58 99
S 11 49
S 3 67
S 29 18
S 36 53
S 49 99
S 86 66
S 9 44
S 47 34
S 97 72
S 6 93
S 32 67
S 64 88
S 20 99
S 78 39
S 48 91
S 29 45
S 95 41
S 59 36
S 36 59
S 36 26
S 78 7
S 43 20
S 53 16
S 19 6
S 34 94
S 4 13
S 54 66
S 73 19
S 56 14
S 61 54
S 96 50
S 11 16
S 96 7
S 56 48
S 59 36
S 92 84
S 79 31
S 28 89
S 20 17
S 56 14
S 31 82
S 1 83
S 90 30
S 5 90
S 11 74
S 73 11
S 59 69
S 19 73
S 83 27
S 32 87
S 89 41
S 52 69
S 83 43
S 91 28
S 99 39
S 45 95
S 65 10
S 33 83
S 83 10
S 70 6
S 59 74
S 46 93
S 18 26
S 67 81
S 93 65
S 77 39
S 51 42
S 23 97
S 47 34
S 82 68
S 89 41
S 80 25
S 90 93
S 24 74
S 26 4
S 72 60
S 41 22
S 72 31
S 7 96
S 69 54
S 84 91
S 100 95
S 80 20
S 4 26
S 20 63
S 19 61
S 22 2
S 48 74
S 88 64
S 8 60
S 9 72
S 93 65
S 73 45
S 54 77
S 6 43
S 81 60
S 38 74
S 32 70
S 59 22
S 23 52
S 97 34
S 96 50
S 38 71
S 33 78
S 10 53
S 35 8
S 56 80
S 51 39
S 93 100
S 48 91
S 36 4
S 70 32
S 3 14
S 82 31
S 83 68
S 67 97
S 72 97
S 50 74
S 90 85
S 12 35
S 3 27
S 56 77
S 43 6
S 19 40
S 10 53
S 94 97
S 72 98
S 5 92
S 68 82
S 40 24
S 29 62
S 83 27
S 67 89
S 58 93
S 70 32
S 44 92
S 39 30
S 82 31
S 30 10
S 74 50
S 55 14
S 23 72
S 18 26
S 37 2
S 73 60
S 36 52
S 83 43
S 30 59
S 2 61
S 16 68
S 34 93
S 35 3
S 74 3
S 49 11
S 51 24
S 44 51
S 9 70
S 30 94
S 100 64
S 34 31
S 76 14
S 17 81
S 74 3
S 66 86
S 65 25
S 46 41
S 98 76
S 20 96
S 2 32
S 31 72
S 75 86
S 60 72
S 7 44
S 25 85
S 9 1
S 38 51
S 76 73
S 58 42
S 66 54
S 55 68
S 70 6
S 75 56
S 95 16
S 37 65
S 7 39
S 43 87
S 43 2
S 45 54
S 58 9
S 53 72
S 30 39
S 4 69
S 99 13
S 31 76
S 18 39
S 47 4
S 29 23
S 85 90
S 93 100
S 25 50
S 89 54
S 99 31
S 87 32
S 31 82
S 42 53
S 66 43
S 24 74
S 79 31
S 18 36
S 25 21
S 73 76
S 35 9
S 52 58
S 69 18
S 58 65
S 98 54
S 2 63
S 99 13
S 21 62
S 80 20
S 3 38
S 65 91
S 63 81
S 41 74
S 4 39
S 10 47
S 67 32
S 29 86
S 74 52
S 60 8
S 97 28
S 78 93
S 84 92
S 61 43
S 69 17
S 76 8
S 58 93
S 66 81
S 83 35
S 39 96
S 52 100
S 13 75
S 81 75
S 93 65
S 55 48
S 36 48
S 33 83
S 46 74
S 11 49
S 41 43
S 67 81
S 98 87
S 50 74
S 46 74
S 81 60
S 30 22
S 34 47
S 32 37
S 32 72
S 32 67
S 99 58
S 23 72
S 36 26
S 25 30
S 19 6
S 8 43
S 97 80
S 35 38
S 55 2
S 38 10
S 99 31
S 88 78
S 38 87
S 27 50
S 22 34
S 52 43
S 16 49
S 47 67
S 12 56
S 42 53
S 95 41
S 47 70
S 35 8
S 64 40
S 47 48
S 18 29
S 78 33
S 92 65
S 27 3
S 51 38
S 50 74
S 66 94
S 20 57
S 9 72
S 75 13
S 32 100
S 99 49
S 17 25
S 60 99
S 23 5
S 2 22
S 59 69
S 90 32
S 23 72
S 31 3
S 13 49
S 4 80
S 33 17
S 61 19
S 23 5
S 66 86
S 83 6
S 21 7
S 96 76
S 4 43
S 25 72
S 29 62
S 22 99
S 34 60
S 26 59
S 34 31
S 32 2
S 25 94
S 26 25
S 42 60
S 30 79
S 15 56
S 69 4
S 99 39
S 36 57
S 7 15
S 91 29
S 34 86
S 98 83
S 83 33
S 40 49
S 11 38
S 42 13
S 53 16
S 47 67
S 60 73
S 78 71
S 23 59
S 31 64
S 37 85
S 19 53
S 10 26
S 31 76
S 44 90
S 57 82
S 20 30
S 78 23
S 43 52
S 68 89
S 15 71
S 29 58
S 38 71
S 96 7
S 48 49
S 2 43
S 50 27
S 9 58
S 15 78
S 8 82
S 92 54
S 60 94
S 99 69
S 19 79
S 48 36
S 50 74
S 61 60
S 60 34
S 17 100
S 100 52
S 37 28
S 16 58
S 80 6
S 41 43
S 40 31
S 64 36
S 83 33
S 3 24
S 20 15
S 15 44
S 48 47
S 24 2
S 52 69
S 98 44
S 55 68
S 9 58
S 33 84
S 90 64
S 34 94
S 78 39
S 53 49
S 35 12
S 99 59
S 49 99
S 64 34
S 78 71
S 21 25
S 13 26
S 88 11
S 21 25
S 56 43
S 53 23
S 8 35
S 51 64
S 41 43
S 24 77
S 69 4
S 98 87
S 86 75
S 6 12
S 43 2
S 64 100
S 19 73
S 52 28
S 31 40
S 22 12
S 36 48
S 50 67
S 38 35
S 29 23
S 85 77
S 15 20
S 60 40
S 89 67
S 3 38
S 38 3
S 98 93
S 20 10
S 54 92
S 20 43
S 97 43
S 21 4
S 46 74
S 43 19
S 64 31
S 68 89
S 41 10
S 12 4
S 60 72
S 54 92
S 64 83
S 45 46
S 4 26
S 64 90
S 80 56
S 52 23
S 39 55
S 29 58
S 64 88
S 41 90
S 90 44
S 32 12
S 30 94
S 3 24
S 43 61
S 2 43
S 70 9
S 80 51
S 72 23
S 70 9
S 28 96
S 56 48
S 84 32
S 90 64
S 15 71
S 70 40
S 65 21
S 34 64
S 83 13
S 98 40
S 34 47
S 11 30
S 24 88
S 55 14
S 16 54
S 100 54
S 43 2
S 78 39
S 5 23
S 60 9
S 30 11
S 39 91
S 35 22
S 52 38
S 90 70
S 59 30
S 91 79
S 81 59
S 1 83
S 2 24
S 54 100
S 6 15
S 56 94
S 12 56
S 56 75
S 90 23
S 54 61
S 5 33
S 4 12
S 15 20
S 12 41
S 41 43
S 30 90
S 58 16
S 73 59
S 9 1
S 98 54
S 74 41
S 33 5
S 71 38
S 27 51
S 53 36
S 45 35
S 4 82
S 64 88
S 2 55
S 20 77
S 99 77
S 11 18
S 100 95
S 50 88
S 100 4
S 25 72
S 67 97
S 62 29
S 87 99
S 8 20
S 35 12
S 82 57
S 13 68
S 69 4
S 62 66
S 37 2
S 88 96
S 34 45
S 44 56
S 8 20
S 18 39
S 82 31
S 26 74
S 23 43
S 99 76
S 94 66
S 89 28
S 5 33
S 68 55
S 81 63
S 35 22
S 91 43
S 76 37
S 15 44
S 33 56
S 60 8
S 43 56
S 77 52
S 48 91
S 92 28
S 5 79
S 57 36
S 78 15
S 80 46
S 59 22
S 76 26
S 59 23
S 31 79
S 78 7
S 9 1
S 55 78
S 82 38
S 19 6
S 90 23
S 20 80
S 48 46
S 19 40
S 4 82
S 30 27
S 35 3
S 9 58
S 17 82
S 99 44
S 30 86
S 32 81
S 20 30
S 51 64
S 30 39
S 87 32
S 76 31
S 28 13
S 49 58
S 35 42
S 52 37
S 19 68
S 3 14
S 40 70
S 1 9
S 35 38
S 4 25
S 22 35
S 7 78
S 26 25
S 56 12
S 54 92
S 7 15
S 91 75
S 44 31
S 28 97
S 25 17
S 16 95
S 88 47
S 10 41
S 98 76
S 38 84
S 6 19
S 64 98
S 41 12
S 50 100
S 88 27
S 82 19
S 78 55
S 66 86
S 90 30
S 4 71
S 45 29
S 67 97
S 47 70
S 63 91
S 84 14
S 27 30
S 69 7
S 7 21
S 23 91
S 84 38
S 61 54
S 25 26
S 30 22
S 97 67
S 42 41
S 52 38
S 7 44
S 39 64
S 33 3
S 34 39
S 86 20
S 30 79
S 19 82
S 70 90
S 83 68
S 41 88
S 52 58
S 13 75
S 59 69
S 74 46
S 34 22
S 86 1
S 13 42
S 13 99
S 59 36
S 4 80
S 72 9
S 49 48
S 32 90
S 22 2
S 40 17
S 52 69
S 35 9
S 99 20
S 95 45
S 17 69
S 10 20
S 20 80
S 57 20
S 40 70
S 4 82
S 99 48
S 98 54
S 56 69
S 50 17
S 73 66
S 90 93
S 30 50
S 25 80
S 10 93
S 30 86
S 51 39
S 14 25
S 83 43
S 45 73
S 59 90
S 30 86
S 84 14
S 79 30
S 7 15
S 82 2
S 32 90
S 82 57
S 83 1
S 23 53
S 77 20
S 24 88
S 37 76
S 43 66
S 28 96
S 40 31
S 10 30
S 23 5
S 76 61
S 27 88
S 15 6
S 50 27
S 58 15
S 67 50
S 31 58
S 98 47
S 90 41
S 20 43
S 7 39
S 43 52
S 90 37
S 23 29
S 62 66
S 1 45
S 41 10
S 2 22
S 16 48
S 70 6
S 1 9
S 11 89
S 69 7
S 77 56
S 79 5
S 71 78
S 25 72
S 24 1
S 93 60
S 4 12
S 82 61
S 11 48
S 13 49
S 2 55
S 4 13
S 36 26
S 24 2
S 40 58
S 27 83
S 2 37
S 25 80
S 16 58
S 52 69
S 81 63
S 83 13
S 27 79
S 40 58
S 24 77
S 6 19
S 64 40
S 58 40
S 93 34
S 41 90
S 41 46
S 61 54
S 25 94
S 53 23
S 74 3
S 20 80
S 87 65
S 64 20
S 25 50
S 6 96
S 76 8
S 33 84
S 69 7
S 43 41
S 73 66
S 14 35
S 53 10
S 21 62
S 53 42
S 55 2
S 11 88
S 67 89
S 84 14
S 78 39
S 10 47
S 31 3
S 6 85
S 40 17
S 91 79
S 16 11
S 95 100
S 41 90
S 8 76
S 35 8
S 80 35
S 22 30
S 74 25
S 89 28
S 56 43
S 69 54
S 100 32
S 33 56
S 35 3
S 64 34
S 58 42
S 100 93
S 69 17
S 70 47
S 15 56
S 26 4
S 26 13
S 100 54
S 7 39
S 35 8
S 91 75
S 59 92
S 76 61
S 5 33
S 92 65
S 2 61
S 54 45
S 21 10
S 76 96
S 98 83
S 48 91
S 15 44
S 62 64
S 6 19
S 42 48
S 39 99
S 64 39
S 91 28
S 64 39
S 88 66
S 41 12
S 92 21
S 30 11
S 27 88
S 1 31
S 3 27
S 4 26
S 28 52
S 31 3
S 73 19
S 7 15
S 28 76
S 90 41
S 79 27
S 11 63
S 80 6
S 97 34
S 13 4
S 9 80
S 91 79
S 51 38
S 30 10
S 16 71
S 19 87
S 8 76
S 96 39
S 81 32
S 91 65
S 38 74
S 18 70
S 17 81
S 98 54
S 84 91
S 83 10
S 82 8
S 90 44
S 44 99
