20 66 330
77 76 61 70 88 69 1 99 90 91 38 19 83 62 85 89 22 63 48 81
17 7
15 1
16 20
15 6
4 12
10 11
17 3
18 19
15 13
5 11
15 14
6 8
15 8
1 7
18 11
8 16
19 11
15 10
8 17
6 5
16 19
8 11
14 4
8 3
5 17
13 20
8 1
16 7
5 1
4 10
14 18
15 12
20 11
15 9
4 17
2 9
10 12
19 3
4 20
2 12
15 18
15 11
14 19
20 19
16 18
4 8
9 20
13 10
16 3
16 10
4 18
2 20
20 12
17 11
1 16
20 3
8 7
2 13
1 12
18 12
10 20
13 3
1 10
5 12
5 3
6 10
S 2 9
S 10 4
S 15 9
S 8 15
S 11 19
S 10 4
S 15 1
S 3 8
S 18 19
S 12 10
S 1 10
S 15 14
S 20 11
S 8 7
S 8 17
S 13 2
S 9 2
S 12 1
S 15 10
S 12 1
S 13 10
S 10 11
S 11 19
S 9 20
S 13 20
S 12 4
S 1 12
S 8 4
S 19 16
S 14 4
S 18 15
S 15 11
S 15 12
S 3 16
S 8 11
S 19 11
S 11 5
S 14 15
S 16 7
S 17 5
S 1 10
S 10 15
S 5 17
S 19 14
S 4 8
S 20 10
S 5 1
S 15 18
S 12 2
S 15 1
S 3 8
S 5 3
S 17 11
S 17 4
S 5 11
S 11 17
S 4 20
S 11 10
S 19 18
S 15 1
S 20 12
S 18 19
S 1 10
S 15 8
S 8 1
S 16 20
S 9 20
S 3 19
S 2 13
S 6 8
S 19 20
S 11 15
S 18 14
S 11 10
S 5 1
S 17 7
S 4 20
S 11 19
S 5 17
S 17 3
S 18 16
S 11 20
S 7 16
S 7 17
S 14 4
S 14 19
S 9 20
S 15 11
S 15 10
S 15 13
S 11 5
S 12 18
S 11 5
S 10 6
S 20 3
S 4 18
S 9 20
S 18 4
S 5 3
S 7 8
S 10 20
S 4 10
S 1 7
S 19 3
S 10 15
S 9 15
S 13 2
S 4 17
S 9 2
S 7 1
S 8 17
S 3 16
S 15 18
S 17 3
S 9 20
S 15 8
S 10 15
S 19 3
S 16 10
S 15 8
S 4 12
S 20 3
S 10 13
S 11 20
S 12 18
S 15 1
S 13 3
S 12 15
S 2 20
S 4 10
S 17 4
S 17 11
S 4 20
S 14 4
S 7 8
S 15 8
S 12 2
S 5 3
S 1 12
S 4 12
S 6 15
S 11 19
S 17 8
S 2 12
S 1 5
S 12 18
S 20 3
S 17 8
S 17 8
S 8 7
S 15 6
S 17 11
S 15 11
S 16 18
S 20 4
S 19 18
S 20 11
S 18 4
S 12 20
S 11 5
S 16 3
S 11 10
S 17 11
S 2 20
S 3 13
S 10 16
S 9 2
S 3 19
S 15 11
S 8 4
S 18 15
S 9 2
S 18 11
S 15 10
S 19 14
S 17 4
S 20 19
S 8 4
S 19 11
S 8 3
S 20 2
S 18 16
S 5 3
S 12 4
S 5 12
S 8 6
S 1 10
S 3 8
S 15 6
S 15 10
S 8 1
S 9 2
S 8 11
S 9 2
S 20 16
S 17 8
S 6 15
S 2 13
S 12 10
S 9 20
S 15 10
S 9 20
S 6 8
S 12 4
S 14 18
S 10 12
S 9 20
S 16 18
S 7 8
S 16 7
S 15 13
S 11 5
S 3 5
S 10 1
S 20 10
S 1 15
S 4 10
S 10 4
S 15 12
S 14 18
S 6 15
S 12 2
S 1 16
S 20 9
S 8 3
S 8 4
S 9 15
S 3 13
S 5 6
S 15 11
S 2 20
S 8 1
S 1 5
S 17 5
S 14 15
S 16 20
S 15 10
S 5 1
S 19 16
S 20 13
S 2 9
S 13 20
S 13 2
S 15 14
S 13 2
S 15 9
S 18 4
S 7 1
S 12 1
S 4 8
S 12 2
S 19 16
S 15 12
S 8 4
S 17 3
S 16 8
S 16 3
S 15 18
S 7 16
S 5 17
S 19 14
S 2 12
S 16 10
S 4 17
S 17 8
S 11 10
S 11 10
S 4 10
S 7 17
S 16 10
S 16 10
S 4 10
S 9 15
S 16 10
S 3 16
S 15 6
S 19 11
S 3 20
S 13 3
S 18 4
S 11 15
S 9 15
S 15 12
S 15 18
S 1 16
S 8 1
S 20 12
S 5 6
S 11 18
S 2 13
S 1 16
S 18 12
S 16 3
S 20 2
S 8 4
S 19 3
S 10 6
S 6 15
S 16 3
S 18 14
S 2 9
S 2 12
S 20 19
S 19 16
S 17 5
S 18 15
S 12 18
S 10 15
S 13 3
S 11 15
S 16 7
S 20 2
S 18 11
S 7 1
S 3 19
S 15 12
S 19 16
S 7 1
S 19 18
S 8 4
S 6 10
S 3 19
S 10 15
S 12 20
S 1 8
S 13 15
S 11 5
S 3 19
S 13 10
S 19 3
