60 737 3685
21 97 46 73 31 65 77 4 18 74 80 75 79 98 43 69 39 95 83 16 45 22 55 14 42 10 23 49 81 59 56 3 61 20 85 60 63 30 36 68 70 1 99 48 29 35 93 15 62 34 9 64 8 41 67 91 78 38 53 92
22 50
47 30
33 2
28 7
17 48
4 29
8 6
30 10
52 13
25 10
25 33
34 43
29 54
23 19
5 51
25 35
41 50
47 33
31 19
23 39
18 53
23 44
34 1
27 2
45 48
51 13
19 48
40 48
56 32
34 6
54 30
22 12
4 27
22 3
5 45
55 27
36 2
11 6
56 3
47 50
33 51
51 7
53 51
24 39
23 45
11 25
35 45
11 54
28 39
34 17
32 48
42 17
36 1
19 7
8 52
6 45
58 46
16 2
42 51
27 50
55 15
16 48
18 36
22 58
49 8
43 58
20 48
1 54
57 58
50 39
57 43
25 43
12 45
59 35
45 53
15 45
20 21
11 59
8 35
57 14
57 41
33 42
27 21
11 33
25 51
23 5
43 35
59 7
22 42
23 52
31 10
9 30
16 20
36 30
45 17
6 3
20 25
34 49
52 3
49 27
57 54
31 60
31 17
22 36
58 14
36 53
28 17
5 40
49 35
40 50
56 10
41 42
26 7
6 13
1 46
33 7
58 38
36 32
41 36
11 45
32 7
11 7
20 36
33 32
3 32
20 13
43 30
24 35
44 42
34 44
29 53
29 52
23 20
26 13
25 40
59 51
59 28
57 36
4 5
55 28
8 46
60 19
6 37
34 41
12 15
59 15
55 36
23 37
15 58
27 39
4 17
12 7
5 19
9 46
25 21
59 27
40 53
52 40
60 7
9 51
12 14
22 25
1 21
57 59
43 46
31 1
11 34
18 42
4 10
26 53
20 37
2 37
43 38
16 45
36 48
29 5
59 53
21 14
8 56
16 9
26 54
8 9
1 7
47 41
43 7
47 19
5 7
59 44
39 42
60 43
26 19
36 6
55 5
26 24
18 51
44 21
58 10
47 37
15 13
34 35
9 48
52 10
52 54
52 46
43 51
26 2
24 1
47 60
58 3
24 32
5 42
2 51
4 19
24 37
20 9
15 37
28 3
45 2
31 21
21 54
1 37
31 59
4 44
57 39
57 38
36 42
25 39
57 53
49 37
24 50
23 51
23 4
36 5
38 32
40 38
57 44
58 45
4 52
20 5
26 32
44 7
41 53
12 53
19 32
24 36
40 35
47 45
28 38
38 42
20 8
60 36
23 48
59 56
36 52
26 15
51 48
41 2
27 37
55 38
16 54
49 33
28 30
54 7
16 34
23 17
19 37
15 44
31 40
9 19
31 41
15 30
8 43
28 48
12 6
26 36
20 53
19 44
29 33
27 14
34 40
29 58
60 58
58 13
32 46
56 9
47 4
52 58
24 56
18 13
16 27
2 32
42 46
41 56
16 1
1 25
4 3
41 15
60 42
49 30
8 17
60 27
28 37
20 38
55 50
15 3
8 30
23 31
36 13
21 51
17 13
58 54
59 18
12 17
11 51
24 6
22 19
60 40
41 28
31 38
44 45
21 30
4 2
34 48
55 21
52 27
35 7
9 42
47 55
56 27
55 42
24 48
35 14
41 45
27 53
52 19
28 5
34 53
31 5
49 45
47 43
40 13
8 51
29 3
52 2
12 58
57 28
58 42
4 32
34 58
8 42
38 45
4 43
50 51
4 7
36 44
16 40
11 53
59 38
55 41
11 40
40 46
21 46
20 4
26 37
24 29
32 51
49 5
47 46
57 15
59 19
10 51
12 42
57 37
38 17
59 46
39 6
52 25
8 18
53 14
60 15
53 7
36 54
1 17
2 48
57 9
4 60
23 33
11 2
49 40
11 19
40 58
28 15
19 54
16 39
57 5
30 13
43 17
8 21
44 3
24 3
11 20
47 18
59 5
24 9
60 25
37 13
58 32
20 10
60 3
30 14
31 2
15 33
19 21
11 27
31 13
4 15
26 60
12 2
49 24
16 59
22 53
38 48
3 30
60 18
42 7
35 30
26 17
4 21
29 46
50 30
16 7
21 17
34 24
52 38
20 24
2 10
23 56
34 10
49 44
55 3
4 6
24 44
45 10
2 30
22 38
31 28
56 7
8 37
12 33
26 33
60 45
11 50
4 13
20 15
22 13
56 36
25 30
38 53
35 10
8 60
28 51
4 26
55 29
11 32
52 7
44 13
56 43
44 51
59 45
36 25
34 56
11 47
47 39
8 25
31 42
16 26
9 33
11 42
49 52
31 9
8 19
22 49
35 38
55 17
8 40
26 56
59 21
59 58
52 14
60 28
57 45
49 12
49 7
45 37
60 54
23 46
49 21
51 17
18 7
8 38
26 52
26 14
4 37
41 9
1 58
30 17
8 29
25 6
44 37
59 48
18 3
36 35
14 51
34 42
19 6
40 45
60 10
56 17
37 32
31 51
6 46
34 50
44 54
20 42
18 9
50 48
29 21
47 8
15 39
38 46
23 6
16 38
27 38
20 32
28 32
56 40
31 4
11 17
15 35
43 3
47 5
18 43
45 54
29 38
5 48
55 56
5 37
20 6
16 19
16 14
54 46
41 5
26 29
26 46
22 21
57 50
52 53
56 21
37 10
27 19
31 32
29 42
43 10
18 52
50 2
56 38
9 3
55 46
16 4
35 17
1 48
31 39
41 38
4 56
47 1
12 51
22 18
25 17
49 14
31 33
23 22
26 59
9 6
19 2
16 28
34 45
25 15
31 44
20 46
23 29
57 29
11 26
2 54
26 40
11 3
23 9
22 30
12 8
60 46
56 25
16 11
47 58
47 15
1 15
23 18
53 37
4 54
20 19
28 43
1 9
20 52
27 54
49 4
19 30
34 7
27 58
58 6
22 28
12 36
27 33
39 37
47 48
38 21
14 46
59 52
50 7
56 6
1 51
43 19
47 3
27 42
47 21
12 26
41 25
7 17
16 43
26 41
41 10
54 17
19 51
20 12
34 33
11 5
60 21
36 19
27 44
22 40
55 48
23 57
22 57
58 37
40 32
24 7
2 7
39 21
52 44
28 9
50 37
37 48
41 54
58 44
22 15
20 17
16 6
40 30
35 44
39 13
34 37
33 21
40 33
55 45
58 48
49 39
23 58
43 9
19 17
1 44
31 36
11 52
22 24
8 28
26 39
55 37
23 28
5 54
22 35
24 57
19 46
55 58
41 51
44 33
20 55
31 26
4 25
14 10
4 40
60 14
57 42
38 37
56 30
8 15
18 48
12 13
29 37
27 51
34 22
16 57
20 54
34 27
43 48
41 29
49 56
11 22
12 40
60 50
1 14
4 46
11 24
8 24
25 53
47 22
9 50
59 13
45 13
38 13
36 40
33 46
1 13
29 32
38 2
6 2
44 32
22 44
26 30
41 52
55 10
41 32
S 11 33
S 17 23
S 30 47
S 50 40
S 13 58
S 26 7
S 6 4
S 56 41
S 26 32
S 32 24
S 43 7
S 40 4
S 47 37
S 49 14
S 21 31
S 24 6
S 31 44
S 54 20
S 24 8
S 57 16
S 17 31
S 8 24
S 42 7
S 6 58
S 51 48
S 57 23
S 13 31
S 32 37
S 46 47
S 25 6
S 8 28
S 31 23
S 54 44
S 5 37
S 46 33
S 29 23
S 42 22
S 7 24
S 32 3
S 43 56
S 60 47
S 27 52
S 44 23
S 30 25
S 48 38
S 12 51
S 29 4
S 9 28
S 16 2
S 52 23
S 44 35
S 58 1
S 4 52
S 42 46
S 38 43
S 3 32
S 13 6
S 30 3
S 11 54
S 34 11
S 56 36
S 55 58
S 45 12
S 34 10
S 39 21
S 15 47
S 28 60
S 52 13
S 55 17
S 17 48
S 40 52
S 20 15
S 42 34
S 58 3
S 20 42
S 60 27
S 52 23
S 6 4
S 1 15
S 8 60
S 33 46
S 56 40
S 45 48
S 55 38
S 14 49
S 3 47
S 19 20
S 33 32
S 9 19
S 22 49
S 9 6
S 34 6
S 44 42
S 55 5
S 57 22
S 22 44
S 18 9
S 48 32
S 10 25
S 23 4
S 36 5
S 24 7
S 57 37
S 58 59
S 49 7
S 31 17
S 13 36
S 30 22
S 21 19
S 20 25
S 10 34
S 57 29
S 28 8
S 56 3
S 49 12
S 52 8
S 38 55
S 52 36
S 14 16
S 8 9
S 34 41
S 59 18
S 2 48
S 35 44
S 53 59
S 59 5
S 33 23
S 45 12
S 15 60
S 50 24
S 4 44
S 2 10
S 58 54
S 11 34
S 46 8
S 2 27
S 9 23
S 22 12
S 18 53
S 47 37
S 11 40
S 49 27
S 2 6
S 7 33
S 55 3
S 56 59
S 12 36
S 51 14
S 60 7
S 58 1
S 54 17
S 51 18
S 56 21
S 32 31
S 4 52
S 18 42
S 57 37
S 26 12
S 9 24
S 45 48
S 2 48
S 56 17
S 60 19
S 7 18
S 24 8
S 52 14
S 31 59
S 60 50
S 51 11
S 44 36
S 33 9
S 7 18
S 18 42
S 37 26
S 51 48
S 41 2
S 48 2
S 57 43
S 29 37
S 20 42
S 27 38
S 8 47
S 8 42
S 42 44
S 46 60
S 34 27
S 55 47
S 47 21
S 26 17
S 33 49
S 36 42
S 58 52
S 39 23
S 30 19
S 30 19
S 6 11
S 34 33
S 39 26
S 9 16
S 27 52
S 29 33
S 8 60
S 46 33
S 13 40
S 32 7
S 54 11
S 7 49
S 40 32
S 7 32
S 25 6
S 15 22
S 22 21
S 53 34
S 5 11
S 8 28
S 28 59
S 20 11
S 56 55
S 6 20
S 7 28
S 48 28
S 48 18
S 23 58
S 42 46
S 44 52
S 50 57
S 16 43
S 29 52
S 4 10
S 8 38
S 48 9
S 36 18
S 27 33
S 41 55
S 51 48
S 53 51
S 44 22
S 46 32
S 23 33
S 7 60
S 36 41
S 4 13
S 51 19
S 59 5
S 9 57
S 56 7
S 51 8
S 47 3
S 50 7
S 54 52
S 60 46
S 16 11
S 54 16
S 29 52
S 21 14
S 6 9
S 17 43
S 20 37
S 35 30
S 7 17
S 23 31
S 8 47
S 46 60
S 46 29
S 14 53
S 16 40
S 56 24
S 39 6
S 40 58
S 17 34
S 8 49
S 8 60
S 39 25
S 35 14
S 17 1
S 36 26
S 21 39
S 20 17
S 29 26
S 38 55
S 29 57
S 52 38
S 48 59
S 15 39
S 43 9
S 40 22
S 16 6
S 51 27
S 4 54
S 25 36
S 47 30
S 40 50
S 34 44
S 46 32
S 36 40
S 36 24
S 41 38
S 45 49
S 42 11
S 8 29
S 12 20
S 26 41
S 58 12
S 27 49
S 36 57
S 13 39
S 54 20
S 55 3
S 7 2
S 11 59
S 40 11
S 25 15
S 3 22
S 58 60
S 23 5
S 2 7
S 39 26
S 29 53
S 27 51
S 21 27
S 15 44
S 2 10
S 56 21
S 8 46
S 11 59
S 20 54
S 29 32
S 1 17
S 52 3
S 11 24
S 2 48
S 45 60
S 42 8
S 17 21
S 2 19
S 35 40
S 22 42
S 45 59
S 59 11
S 6 39
S 28 8
S 15 30
S 12 51
S 44 21
S 8 51
S 20 25
S 26 41
S 44 19
S 53 45
S 48 1
S 37 44
S 37 49
S 25 33
S 25 20
S 31 2
S 48 50
S 16 57
S 40 45
S 55 5
S 31 40
S 9 24
S 3 43
S 59 57
S 58 14
S 7 56
S 31 44
S 45 2
S 48 59
S 14 21
S 7 34
S 16 38
S 60 7
S 43 35
S 51 41
S 4 17
S 42 22
S 47 22
S 20 12
S 55 56
S 20 54
S 13 45
S 6 36
S 57 23
S 30 10
S 36 44
S 36 31
S 29 24
S 32 56
S 26 4
S 32 26
S 4 25
S 56 34
S 3 24
S 15 58
S 44 59
S 37 44
S 55 36
S 17 35
S 40 53
S 7 56
S 8 37
S 12 22
S 43 48
S 46 20
S 46 1
S 46 32
S 51 21
S 21 30
S 49 4
S 33 21
S 34 24
S 32 28
S 49 45
S 5 31
S 38 29
S 38 45
S 45 60
S 44 58
S 40 33
S 5 55
S 46 52
S 4 16
S 48 55
S 43 8
S 47 3
S 25 15
S 19 51
S 55 17
S 9 33
S 1 21
S 48 47
S 29 58
S 8 43
S 4 49
S 24 3
S 36 40
S 19 7
S 5 19
S 2 51
S 40 16
S 5 23
S 31 10
S 44 19
S 40 26
S 54 29
S 9 18
S 26 53
S 10 20
S 60 28
S 16 4
S 18 53
S 44 15
S 34 41
S 35 34
S 25 30
S 17 38
S 45 5
S 23 44
S 56 55
S 24 22
S 53 34
S 58 47
S 34 33
S 16 34
S 40 11
S 31 59
S 57 45
S 59 53
S 46 26
S 14 10
S 21 4
S 15 45
S 46 20
S 23 28
S 54 16
S 36 55
S 9 6
S 44 58
S 15 30
S 26 33
S 6 34
S 33 11
S 24 7
S 11 47
S 57 44
S 44 31
S 28 41
S 16 54
S 57 45
S 18 43
S 8 43
S 60 25
S 16 40
S 7 59
S 26 59
S 20 21
S 55 58
S 56 6
S 3 28
S 22 15
S 47 3
S 45 12
S 24 32
S 14 35
S 26 4
S 22 23
S 1 36
S 31 2
S 37 20
S 12 15
S 40 4
S 50 22
S 34 45
S 55 50
S 29 8
S 36 48
S 31 51
S 43 18
S 7 54
S 24 57
S 33 34
S 42 12
S 50 55
S 25 1
S 4 56
S 59 11
S 56 32
S 45 34
S 18 3
S 39 49
S 41 28
S 17 21
S 8 37
S 50 27
S 26 60
S 41 32
S 4 47
S 10 35
S 44 36
S 17 23
S 46 23
S 52 2
S 11 32
S 16 26
S 44 58
S 40 4
S 47 33
S 24 9
S 46 8
S 32 28
S 35 43
S 54 45
S 49 39
S 24 49
S 50 60
S 29 53
S 46 47
S 17 20
S 51 2
S 53 29
S 58 38
S 24 39
S 19 16
S 22 58
S 55 17
S 34 42
S 28 39
S 23 4
S 29 5
S 48 19
S 31 9
S 9 46
S 53 12
S 30 26
S 26 30
S 43 25
S 54 44
S 16 27
S 39 6
S 52 11
S 47 48
S 57 24
S 40 45
S 9 57
S 48 58
S 54 2
S 24 3
S 2 31
S 3 58
S 48 43
S 59 58
S 46 4
S 33 21
S 25 11
S 34 6
S 47 55
S 13 40
S 49 27
S 30 36
S 11 34
S 31 36
S 36 60
S 31 38
S 38 20
S 55 37
S 27 19
S 23 9
S 34 48
S 58 48
S 55 27
S 55 47
S 47 11
S 53 27
S 55 28
S 24 36
S 30 15
S 22 28
S 47 1
S 2 16
S 40 25
S 46 20
S 1 37
S 10 37
S 11 26
S 3 55
S 37 45
S 11 53
S 17 38
S 32 3
S 45 11
S 36 35
S 17 54
S 7 35
S 24 3
S 19 46
S 2 51
S 25 8
S 26 13
S 14 27
S 6 45
S 59 53
S 59 27
S 7 26
S 28 32
S 58 37
S 59 19
S 54 20
S 24 34
S 7 56
S 38 56
S 49 56
S 7 17
S 4 5
S 19 51
S 33 9
S 24 57
S 1 48
S 13 17
S 40 31
S 54 5
S 47 21
S 10 55
S 52 14
S 57 39
S 34 6
S 36 12
S 27 60
S 36 6
S 28 51
S 11 42
S 60 18
S 48 38
S 13 40
S 35 25
S 15 12
S 53 51
S 6 16
S 8 28
S 35 44
S 41 5
S 16 19
S 46 19
S 33 31
S 28 37
S 58 44
S 29 37
S 22 34
S 46 59
S 2 32
S 45 6
S 33 27
S 51 31
S 37 48
S 26 16
S 18 22
S 22 23
S 48 28
S 26 39
S 59 58
S 49 5
S 8 30
S 16 45
S 16 59
S 26 60
S 38 58
S 55 17
S 26 16
S 59 57
S 9 30
S 6 36
S 14 1
S 5 20
S 34 6
S 41 5
S 26 17
S 48 9
S 16 20
S 2 4
S 27 2
S 44 34
S 28 41
S 21 22
S 24 26
S 58 10
S 49 27
S 39 31
S 49 37
S 57 41
S 28 55
S 30 36
S 46 58
S 6 39
S 14 35
S 10 34
S 20 42
S 5 31
S 43 4
S 15 13
S 24 26
S 48 38
S 9 51
S 56 6
S 55 37
S 54 11
S 46 6
S 6 2
S 29 32
S 15 35
S 23 45
S 30 21
S 52 10
S 8 25
S 43 51
S 17 31
S 49 33
S 33 40
S 23 37
S 3 18
S 47 30
S 36 6
S 51 11
S 46 4
S 35 34
S 59 58
S 28 30
S 23 31
S 14 26
S 47 39
S 50 9
S 46 8
S 52 53
S 10 30
S 8 17
S 42 33
S 23 46
S 29 42
S 52 29
S 19 11
S 40 45
S 38 21
S 37 10
S 48 24
S 22 42
S 22 28
S 20 4
S 43 46
S 11 20
S 42 46
S 17 28
S 17 26
S 4 40
S 52 3
S 36 35
S 2 30
S 51 21
S 41 51
S 47 50
S 33 7
S 57 59
S 48 18
S 33 9
S 31 38
S 18 52
S 12 40
S 29 54
S 2 16
S 28 17
S 33 7
S 15 30
S 57 53
S 12 22
S 31 44
S 54 60
S 17 4
S 40 60
S 24 37
S 34 7
S 27 53
S 26 11
S 13 59
S 27 33
S 7 53
S 6 58
S 42 41
S 41 51
S 19 26
S 18 60
S 11 53
S 23 46
S 1 13
S 37 6
S 60 46
S 51 31
S 19 52
S 19 43
S 38 20
S 51 19
S 46 4
S 32 48
S 24 1
S 52 11
S 51 53
S 44 58
S 13 44
S 55 10
S 22 19
S 4 44
S 45 38
S 59 5
S 49 34
S 20 17
S 9 57
S 53 41
S 53 7
S 11 53
S 36 53
S 47 48
S 60 25
S 26 4
S 27 38
S 57 38
S 25 22
S 21 29
S 23 48
S 35 8
S 23 17
S 27 53
S 46 38
S 2 11
S 34 6
S 7 1
S 6 58
S 8 21
S 8 15
S 4 13
S 56 30
S 49 4
S 55 10
S 5 20
S 17 31
S 21 33
S 6 12
S 16 19
S 55 56
S 11 22
S 2 6
S 9 42
S 14 12
S 42 17
S 51 2
S 57 41
S 57 36
S 25 21
S 35 59
S 11 6
S 10 56
S 38 28
S 52 41
S 53 22
S 12 36
S 10 2
S 9 8
S 18 43
S 37 6
S 47 33
S 25 40
S 56 9
S 41 15
S 44 7
S 56 10
S 46 14
S 39 25
S 23 51
S 44 42
S 33 21
S 7 24
S 20 19
S 7 1
S 42 34
S 2 12
S 48 5
S 6 9
S 26 53
S 45 6
S 23 58
S 52 4
S 53 26
S 54 7
S 50 60
S 11 40
S 35 34
S 5 36
S 26 29
S 57 15
S 32 24
S 29 23
S 24 37
S 55 45
S 7 43
S 26 41
S 44 22
S 21 39
S 11 26
S 46 60
S 35 8
S 33 25
S 28 15
S 10 35
S 29 53
S 46 1
S 28 3
S 33 34
S 27 59
S 27 37
S 27 53
S 47 22
S 3 18
S 30 25
S 5 28
S 25 6
S 51 59
S 15 22
S 52 29
S 22 50
S 27 21
S 31 60
S 26 15
S 33 7
S 15 20
S 42 8
S 24 22
S 4 31
S 22 18
S 13 15
S 33 51
S 13 44
S 47 1
S 25 33
S 44 58
S 58 37
S 30 43
S 11 40
S 6 45
S 40 38
S 8 29
S 28 37
S 22 12
S 16 14
S 25 52
S 18 59
S 17 4
S 16 6
S 22 18
S 35 45
S 52 4
S 10 55
S 17 54
S 52 41
S 9 56
S 47 48
S 40 25
S 13 26
S 26 46
S 4 5
S 13 17
S 58 14
S 21 25
S 59 21
S 42 46
S 26 16
S 59 26
S 50 40
S 38 45
S 21 20
S 40 13
S 53 34
S 7 12
S 23 45
S 31 5
S 54 36
S 47 3
S 57 36
S 24 36
S 54 26
S 38 27
S 5 4
S 13 15
S 55 58
S 41 29
S 41 57
S 32 2
S 19 43
S 16 2
S 34 35
S 15 60
S 57 50
S 26 13
S 40 53
S 8 52
S 33 49
S 60 31
S 15 37
S 28 48
S 55 21
S 44 27
S 19 9
S 11 53
S 18 43
S 51 10
S 16 4
S 25 11
S 34 50
S 48 2
S 42 22
S 32 56
S 19 44
S 46 54
S 3 32
S 23 31
S 4 52
S 45 12
S 11 52
S 34 43
S 3 15
S 31 26
S 60 36
S 6 2
S 16 26
S 7 49
S 48 5
S 22 38
S 48 58
S 16 4
S 35 22
S 42 60
S 23 31
S 44 24
S 38 22
S 57 59
S 5 28
S 24 39
S 23 51
S 31 21
S 8 40
S 26 4
S 48 58
S 56 21
S 4 29
S 42 17
S 60 27
S 17 38
S 31 38
S 37 13
S 17 34
S 47 41
S 29 33
S 58 46
S 39 23
S 15 47
S 42 58
S 43 16
S 24 35
S 26 53
S 11 2
S 19 5
S 14 27
S 30 35
S 60 27
S 33 34
S 8 24
S 4 2
S 46 20
S 15 33
S 57 29
S 2 38
S 31 40
S 55 48
S 12 26
S 19 5
S 22 15
S 18 60
S 54 5
S 48 28
S 56 8
S 34 11
S 38 59
S 1 15
S 35 45
S 2 16
S 57 23
S 52 40
S 20 53
S 3 29
S 56 49
S 30 8
S 7 32
S 56 49
S 27 54
S 6 9
S 9 30
S 27 52
S 51 43
S 30 36
S 4 10
S 59 58
S 18 48
S 50 22
S 26 46
S 42 38
S 27 52
S 34 58
S 44 13
S 56 6
S 8 21
S 44 3
S 3 58
S 31 51
S 46 9
S 28 37
S 42 17
S 48 32
S 59 56
S 11 47
S 5 23
S 15 35
S 60 42
S 54 26
S 48 23
S 42 44
S 38 2
S 41 28
S 52 13
S 51 25
S 38 56
S 60 28
S 11 54
S 3 30
S 41 57
S 27 58
S 4 31
S 50 39
S 53 38
S 32 44
S 26 30
S 6 13
S 51 28
S 44 15
S 54 44
S 21 54
S 10 55
S 34 24
S 20 53
S 58 59
S 44 4
S 19 20
S 2 16
S 6 20
S 5 41
S 14 35
S 51 23
S 37 23
S 32 20
S 37 53
S 50 47
S 11 24
S 38 37
S 17 30
S 51 8
S 55 20
S 14 46
S 23 37
S 2 7
S 14 57
S 17 20
S 6 13
S 37 5
S 1 21
S 21 49
S 13 31
S 27 50
S 30 13
S 17 23
S 45 2
S 46 59
S 55 58
S 25 21
S 27 39
S 59 38
S 28 5
S 12 45
S 49 12
S 21 54
S 24 11
S 55 20
S 14 58
S 51 43
S 4 44
S 39 49
S 23 31
S 26 59
S 38 20
S 30 25
S 25 40
S 36 40
S 32 46
S 53 41
S 18 9
S 21 14
S 34 17
S 33 42
S 31 59
S 58 22
S 59 46
S 27 59
S 31 39
S 15 45
S 16 59
S 2 37
S 31 33
S 33 9
S 9 3
S 7 1
S 37 8
S 52 46
S 56 21
S 20 6
S 13 22
S 57 39
S 25 41
S 58 52
S 40 30
S 41 52
S 19 22
S 51 53
S 16 19
S 20 6
S 59 27
S 13 58
S 29 37
S 26 11
S 30 3
S 19 51
S 32 2
S 37 57
S 58 3
S 24 3
S 8 25
S 11 7
S 50 30
S 8 30
S 55 56
S 15 55
S 42 51
S 47 43
S 30 13
S 31 59
S 31 38
S 41 56
S 8 49
S 14 26
S 51 10
S 41 36
S 47 46
S 31 28
S 15 25
S 45 59
S 47 4
S 22 40
S 37 20
S 38 45
S 4 43
S 52 27
S 30 40
S 28 59
S 59 26
S 14 52
S 11 59
S 20 8
S 49 34
S 8 56
S 4 43
S 23 48
S 38 56
S 5 37
S 2 38
S 38 42
S 38 37
S 55 17
S 37 50
S 32 29
S 24 11
S 41 32
S 19 52
S 36 20
S 51 27
S 44 54
S 50 57
S 51 14
S 47 58
S 8 46
S 13 6
S 59 51
S 46 60
S 32 36
S 16 1
S 4 49
S 46 9
S 40 52
S 6 34
S 13 40
S 17 7
S 45 58
S 27 52
S 45 57
S 59 51
S 58 23
S 21 25
S 56 36
S 37 32
S 40 8
S 15 60
S 56 10
S 43 30
S 48 19
S 60 18
S 2 11
S 3 55
S 8 20
S 52 13
S 41 25
S 58 55
S 47 60
S 11 45
S 48 20
S 39 16
S 46 33
S 27 34
S 39 25
S 26 19
S 21 60
S 26 15
S 13 26
S 41 28
S 11 59
S 51 41
S 45 17
S 60 14
S 6 39
S 53 26
S 48 47
S 9 6
S 57 53
S 8 20
S 29 52
S 16 57
S 23 9
S 51 23
S 57 59
S 34 37
S 23 57
S 24 7
S 29 8
S 52 27
S 28 37
S 29 3
S 31 44
S 20 8
S 41 2
S 30 8
S 42 12
S 5 31
S 12 26
S 52 13
S 12 36
S 54 44
S 8 6
S 30 56
S 9 50
S 31 40
S 50 51
S 22 25
S 39 28
S 15 45
S 32 37
S 23 9
S 60 26
S 36 13
S 16 59
S 16 59
S 49 7
S 7 60
S 24 7
S 36 57
S 10 4
S 11 45
S 55 41
S 43 46
S 2 38
S 26 11
S 33 11
S 25 6
S 42 33
S 27 44
S 8 24
S 17 11
S 29 42
S 47 58
S 58 3
S 58 12
S 25 35
S 22 40
S 26 16
S 53 52
S 17 43
S 34 33
S 20 42
S 16 39
S 37 45
S 30 43
S 25 51
S 9 8
S 23 5
S 20 24
S 52 59
S 43 34
S 7 12
S 29 54
S 26 17
S 59 56
S 52 27
S 1 51
S 23 51
S 40 38
S 48 58
S 44 36
S 54 27
S 49 44
S 39 42
S 47 1
S 43 46
S 26 54
S 37 15
S 41 54
S 15 60
S 4 10
S 34 44
S 32 2
S 29 37
S 20 6
S 32 4
S 2 4
S 16 6
S 4 17
S 32 37
S 42 20
S 11 5
S 58 12
S 24 3
S 13 36
S 55 48
S 54 30
S 55 15
S 46 9
S 31 1
S 51 32
S 42 36
S 17 43
S 41 53
S 57 24
S 54 20
S 31 4
S 5 7
S 55 17
S 11 32
S 44 13
S 54 19
S 38 35
S 3 22
S 2 50
S 24 39
S 41 38
S 17 19
S 13 44
S 45 6
S 9 30
S 49 4
S 2 19
S 1 36
S 26 56
S 25 6
S 24 36
S 38 56
S 54 41
S 2 4
S 25 36
S 57 5
S 27 56
S 12 33
S 38 31
S 46 43
S 4 54
S 23 19
S 26 17
S 59 45
S 10 37
S 4 21
S 54 19
S 19 60
S 37 57
S 25 20
S 59 58
S 40 48
S 44 51
S 7 49
S 4 23
S 42 29
S 48 40
S 55 48
S 37 27
S 25 39
S 10 2
S 23 22
S 6 16
S 10 31
S 43 60
S 4 13
S 47 41
S 60 45
S 55 45
S 16 11
S 52 59
S 5 4
S 55 5
S 8 15
S 59 5
S 48 43
S 8 12
S 49 34
S 55 48
S 13 58
S 44 32
S 39 13
S 49 5
S 29 33
S 9 30
S 11 24
S 6 3
S 8 37
S 16 40
S 39 24
S 46 9
S 29 53
S 53 38
S 54 41
S 41 9
S 3 28
S 46 26
S 53 26
S 40 30
S 58 3
S 18 7
S 46 4
S 49 35
S 47 37
S 53 36
S 50 41
S 58 1
S 7 44
S 17 23
S 43 48
S 5 37
S 16 26
S 29 8
S 53 12
S 4 16
S 16 59
S 11 24
S 35 36
S 28 16
S 51 33
S 31 41
S 39 13
S 53 18
S 34 45
S 56 40
S 16 45
S 51 32
S 4 44
S 60 28
S 32 33
S 23 17
S 45 38
S 21 30
S 20 13
S 56 26
S 23 6
S 37 13
S 45 2
S 32 2
S 34 24
S 24 3
S 24 29
S 49 5
S 28 59
S 26 53
S 15 41
S 34 27
S 3 11
S 18 47
S 15 60
S 49 7
S 46 1
S 23 28
S 11 6
S 7 32
S 15 1
S 8 52
S 40 4
S 9 1
S 15 13
S 46 58
S 37 58
S 11 40
S 33 25
S 49 30
S 48 50
S 5 51
S 48 19
S 8 60
S 3 47
S 47 1
S 45 55
S 21 20
S 41 45
S 8 35
S 11 50
S 57 23
S 1 54
S 11 2
S 37 19
S 42 39
S 17 26
S 5 48
S 11 3
S 36 40
S 36 55
S 12 40
S 37 45
S 53 51
S 3 56
S 27 42
S 46 47
S 47 39
S 15 41
S 15 58
S 28 9
S 8 24
S 17 20
S 5 51
S 23 37
S 4 25
S 9 56
S 46 19
S 21 19
S 8 6
S 18 13
S 31 39
S 5 41
S 39 15
S 51 25
S 15 22
S 38 59
S 17 1
S 25 40
S 17 23
S 59 57
S 52 53
S 5 55
S 33 12
S 19 51
S 40 50
S 19 17
S 48 34
S 26 60
S 44 42
S 48 38
S 31 32
S 13 20
S 6 19
S 32 36
S 50 7
S 43 19
S 57 36
S 22 44
S 59 28
S 5 45
S 49 40
S 4 19
S 34 7
S 28 48
S 8 40
S 13 51
S 56 21
S 7 51
S 11 24
S 3 44
S 48 58
S 37 47
S 33 47
S 15 28
S 57 37
S 35 10
S 20 53
S 55 48
S 58 54
S 27 37
S 19 46
S 5 36
S 36 26
S 3 29
S 27 42
S 42 11
S 23 20
S 55 3
S 9 42
S 44 4
S 9 19
S 40 5
S 55 17
S 44 59
S 58 32
S 28 9
S 52 54
S 39 24
S 36 60
S 34 58
S 8 20
S 31 19
S 54 41
S 15 33
S 54 46
S 13 31
S 16 39
S 16 4
S 36 1
S 59 35
S 4 60
S 13 52
S 43 8
S 23 51
S 12 20
S 24 57
S 40 11
S 44 3
S 4 21
S 40 58
S 36 60
S 28 39
S 42 5
S 45 13
S 23 17
S 44 58
S 27 2
S 22 23
S 51 7
S 38 8
S 1 13
S 40 38
S 43 3
S 57 22
S 28 41
S 10 52
S 12 40
S 45 35
S 6 24
S 2 54
S 3 28
S 8 51
S 39 23
S 21 31
S 25 1
S 45 49
S 2 32
S 35 59
S 2 6
S 20 12
S 21 14
S 56 59
S 52 29
S 7 44
S 35 36
S 10 35
S 29 24
S 17 42
S 22 53
S 1 24
S 54 11
S 5 36
S 11 16
S 60 43
S 20 46
S 25 40
S 44 33
S 36 53
S 60 58
S 46 21
S 22 42
S 10 55
S 3 60
S 7 17
S 11 27
S 51 53
S 19 46
S 28 59
S 59 7
S 21 30
S 28 30
S 48 38
S 55 41
S 2 11
S 32 4
S 47 58
S 46 40
S 38 27
S 29 37
S 58 37
S 25 4
S 49 27
S 4 60
S 40 16
S 14 52
S 31 44
S 6 12
S 38 48
S 2 37
S 41 25
S 28 39
S 12 40
S 59 16
S 44 54
S 58 14
S 25 60
S 16 4
S 55 20
S 10 30
S 20 19
S 52 18
S 47 8
S 55 37
S 46 6
S 1 24
S 36 44
S 21 4
S 14 30
S 1 44
S 21 20
S 25 43
S 42 34
S 20 12
S 48 38
S 47 45
S 26 11
S 6 23
S 37 58
S 47 48
S 29 5
S 58 52
S 1 54
S 21 47
S 6 23
S 24 39
S 45 13
S 53 29
S 2 4
S 33 46
S 34 24
S 2 52
S 22 34
S 10 60
S 2 10
S 23 58
S 16 27
S 9 43
S 16 48
S 9 20
S 13 17
S 13 52
S 1 31
S 19 43
S 21 25
S 50 55
S 44 19
S 41 50
S 41 47
S 17 31
S 45 40
S 5 41
S 46 59
S 58 12
S 44 7
S 50 30
S 23 28
S 32 24
S 35 25
S 17 34
S 54 26
S 46 38
S 40 5
S 45 5
S 37 34
S 44 49
S 4 7
S 3 30
S 19 5
S 55 50
S 55 17
S 42 9
S 3 18
S 51 8
S 46 26
S 45 23
S 9 6
S 31 60
S 13 22
S 34 49
S 37 49
S 20 36
S 9 1
S 23 45
S 23 5
S 45 11
S 60 8
S 33 11
S 24 56
S 11 42
S 19 26
S 21 17
S 18 42
S 19 21
S 26 7
S 32 11
S 7 53
S 31 9
S 17 12
S 5 45
S 54 19
S 8 43
S 57 14
S 60 21
S 15 20
S 54 45
S 7 4
S 13 1
S 3 6
S 27 60
S 18 13
S 55 48
S 59 26
S 22 11
S 8 43
S 15 60
S 53 29
S 6 46
S 20 6
S 19 8
S 27 42
S 33 47
S 29 3
S 34 16
S 27 56
S 48 2
S 20 46
S 26 33
S 13 37
S 51 10
S 53 36
S 58 46
S 49 4
S 21 19
S 43 18
S 24 37
S 31 59
S 20 10
S 44 49
S 4 17
S 19 26
S 38 59
S 1 21
S 44 1
S 46 52
S 2 10
S 4 10
S 6 37
S 3 52
S 35 36
S 14 51
S 11 24
S 32 58
S 35 8
S 12 14
S 44 3
S 26 39
S 41 2
S 48 38
S 29 5
S 39 24
S 19 46
S 48 24
S 12 17
S 12 2
S 46 21
S 7 26
S 35 14
S 1 48
S 31 5
S 22 34
S 28 9
S 48 23
S 51 27
S 4 60
S 28 9
S 51 44
S 7 51
S 18 3
S 20 15
S 33 32
S 26 60
S 4 29
S 22 47
S 21 51
S 15 55
S 27 52
S 17 19
S 38 43
S 49 44
S 26 14
S 21 20
S 54 16
S 46 4
S 13 31
S 42 36
S 57 59
S 36 20
S 26 7
S 30 26
S 18 52
S 23 46
S 45 48
S 38 46
S 52 8
S 54 7
S 37 19
S 45 59
S 8 46
S 44 35
S 29 24
S 10 20
S 8 49
S 46 32
S 44 32
S 49 37
S 2 32
S 8 9
S 48 32
S 30 10
S 23 45
S 58 22
S 11 17
S 20 42
S 8 49
S 51 43
S 21 55
S 21 51
S 47 48
S 44 21
S 11 27
S 59 11
S 20 15
S 48 40
S 28 8
S 19 23
S 55 29
S 45 59
S 48 2
S 45 48
S 24 1
S 45 34
S 39 15
S 37 23
S 49 27
S 5 40
S 9 42
S 27 33
S 15 26
S 14 12
S 40 16
S 49 34
S 24 44
S 58 52
S 5 42
S 3 24
S 36 32
S 30 15
S 55 56
S 17 13
S 26 29
S 36 44
S 33 49
S 2 19
S 58 42
S 15 3
S 33 21
S 9 28
S 41 54
S 49 40
S 11 34
S 16 57
S 17 19
S 56 8
S 55 15
S 13 18
S 37 15
S 47 45
S 22 13
S 38 32
S 32 20
S 13 51
S 51 7
S 54 11
S 56 4
S 11 22
S 44 21
S 37 27
S 44 45
S 36 19
S 57 24
S 40 22
S 24 48
S 42 11
S 41 56
S 30 43
S 13 58
S 12 22
S 3 15
S 49 4
S 21 39
S 58 40
S 34 24
S 23 28
S 27 4
S 6 58
S 21 27
S 47 45
S 11 33
S 43 34
S 12 40
S 29 3
S 37 15
S 6 24
S 30 15
S 10 2
S 47 15
S 60 19
S 27 21
S 36 31
S 37 20
S 2 11
S 42 27
S 47 19
S 38 40
S 49 33
S 34 1
S 1 58
S 8 42
S 58 15
S 17 42
S 57 29
S 5 7
S 8 29
S 13 6
S 38 41
S 20 48
S 7 19
S 53 25
S 27 34
S 24 36
S 39 6
S 52 7
S 4 46
S 1 34
S 11 45
S 8 35
S 4 27
S 12 36
S 42 46
S 13 36
S 28 60
S 59 53
S 14 60
S 29 23
S 3 22
S 58 1
S 58 55
S 17 26
S 39 49
S 55 15
S 3 11
S 45 38
S 42 46
S 38 32
S 35 59
S 39 50
S 54 7
S 38 46
S 12 42
S 1 7
S 7 34
S 8 47
S 25 40
S 25 6
S 38 17
S 54 19
S 9 8
S 40 35
S 12 33
S 21 51
S 35 34
S 40 30
S 14 21
S 36 18
S 58 55
S 29 3
S 30 17
S 53 52
S 11 7
S 16 19
S 30 25
S 7 60
S 44 35
S 50 47
S 5 49
S 40 56
S 5 49
S 44 1
S 1 7
S 38 32
S 16 4
S 53 52
S 29 42
S 10 43
S 2 30
S 33 29
S 13 18
S 34 24
S 28 16
S 38 55
S 8 24
S 34 53
S 60 21
S 54 41
S 41 26
S 7 33
S 36 44
S 38 20
S 45 2
S 12 15
S 46 42
S 33 34
S 49 34
S 19 44
S 45 2
S 46 21
S 6 45
S 51 27
S 51 10
S 17 48
S 46 23
S 37 49
S 28 22
S 29 23
S 43 16
S 53 37
S 21 27
S 4 19
S 29 58
S 24 3
S 13 44
S 41 42
S 49 40
S 24 9
S 49 37
S 40 38
S 37 19
S 37 32
S 39 25
S 26 37
S 11 50
S 30 25
S 53 7
S 41 57
S 2 52
S 48 47
S 2 31
S 3 9
S 42 7
S 27 14
S 6 46
S 33 46
S 48 43
S 17 8
S 46 19
S 6 36
S 22 49
S 54 5
S 38 32
S 38 55
S 19 8
S 5 7
S 15 57
S 56 30
S 41 42
S 19 43
S 55 58
S 57 36
S 58 10
S 32 3
S 42 58
S 56 4
S 34 35
S 31 19
S 41 51
S 50 37
S 36 44
S 30 14
S 28 48
S 9 24
S 57 39
S 17 12
S 6 11
S 56 40
S 46 42
S 21 20
S 50 22
S 45 11
S 11 24
S 60 18
S 8 29
S 14 10
S 21 29
S 47 48
S 46 52
S 49 12
S 10 56
S 7 28
S 30 3
S 50 9
S 60 31
S 44 27
S 54 46
S 13 18
S 46 40
S 46 43
S 34 49
S 16 45
S 42 33
S 32 33
S 60 25
S 57 15
S 22 44
S 28 48
S 26 56
S 49 33
S 51 18
S 7 53
S 52 41
S 58 27
S 26 36
S 17 35
S 15 55
S 17 48
S 43 9
S 42 29
S 43 30
S 44 31
S 59 26
S 25 6
S 45 48
S 51 44
S 12 20
S 36 18
S 11 33
S 39 21
S 60 31
S 60 18
S 33 34
S 60 28
S 20 36
S 51 59
S 51 50
S 51 27
S 33 42
S 22 30
S 26 39
S 53 18
S 11 6
S 18 7
S 36 19
S 10 56
S 19 32
S 39 21
S 4 56
S 24 44
S 45 48
S 55 15
S 20 15
S 41 2
S 37 4
S 60 15
S 28 57
S 36 54
S 53 57
S 25 56
S 38 13
S 48 9
S 51 23
S 15 25
S 8 28
S 57 5
S 31 2
S 26 46
S 59 45
S 36 40
S 29 26
S 38 59
S 7 18
S 51 53
S 16 19
S 30 35
S 55 28
S 49 14
S 42 34
S 13 4
S 56 21
S 8 29
S 34 7
S 7 11
S 22 42
S 15 39
S 49 39
S 17 8
S 35 14
S 47 60
S 17 42
S 33 47
S 49 14
S 45 5
S 51 21
S 58 42
S 58 10
S 26 2
S 15 4
S 16 1
S 30 10
S 27 54
S 16 14
S 4 20
S 45 5
S 34 35
S 31 5
S 19 37
S 49 39
S 45 38
S 41 45
S 40 12
S 54 19
S 59 57
S 5 49
S 7 44
S 12 53
S 33 25
S 46 59
S 58 29
S 51 9
S 21 22
S 60 25
S 36 26
S 8 51
S 11 3
S 56 30
S 51 42
S 44 37
S 32 11
S 21 14
S 54 2
S 5 42
S 25 15
S 47 5
S 25 8
S 38 35
S 51 11
S 25 10
S 36 44
S 57 37
S 24 50
S 16 54
S 23 46
S 37 48
S 24 29
S 38 55
S 49 8
S 35 25
S 46 23
S 4 44
S 57 23
S 33 12
S 16 19
S 15 26
S 25 21
S 18 22
S 39 23
S 44 31
S 37 58
S 43 16
S 27 56
S 28 22
S 41 47
S 44 21
S 42 29
S 16 57
S 48 20
S 42 18
S 39 28
S 57 14
S 12 49
S 37 48
S 49 33
S 26 24
S 53 40
S 26 54
S 58 34
S 53 45
S 20 17
S 60 36
S 6 37
S 29 57
S 40 36
S 58 46
S 19 4
S 32 51
S 2 50
S 20 52
S 34 1
S 2 36
S 30 50
S 17 26
S 14 16
S 31 13
S 16 20
S 1 21
S 34 50
S 28 60
S 53 26
S 43 38
S 46 29
S 46 4
S 40 48
S 21 60
S 46 8
S 27 38
S 48 50
S 2 10
S 58 48
S 24 11
S 53 59
S 54 17
S 7 43
S 20 46
S 58 42
S 49 30
S 45 38
S 12 20
S 45 13
S 20 38
S 46 8
S 17 21
S 15 12
S 21 46
S 8 43
S 54 1
S 18 48
S 24 11
S 32 33
S 39 24
S 6 2
S 17 19
S 30 15
S 38 28
S 19 60
S 56 36
S 7 53
S 1 34
S 28 15
S 26 37
S 28 8
S 52 18
S 36 57
S 22 42
S 36 6
S 52 26
S 59 18
S 52 20
S 59 45
S 57 50
S 48 9
S 8 47
S 29 33
S 21 51
S 37 13
S 6 13
S 20 32
S 27 60
S 15 39
S 12 7
S 33 11
S 34 7
S 54 2
S 35 59
S 20 15
S 1 46
S 56 23
S 48 50
S 30 9
S 29 41
S 44 49
S 1 51
S 10 37
S 9 48
S 58 60
S 58 32
S 3 9
S 11 34
S 36 52
S 59 53
S 41 53
S 43 4
S 45 57
S 55 47
S 43 30
S 60 31
S 7 43
S 29 21
S 23 6
S 23 33
S 42 60
S 19 27
S 19 52
S 7 35
S 27 21
S 30 3
S 6 3
S 16 59
S 32 46
S 20 32
S 24 11
S 47 3
S 58 38
S 57 22
S 60 54
S 44 52
S 39 16
S 30 25
S 13 22
S 11 40
S 46 43
S 6 58
S 50 51
S 53 40
S 54 4
S 14 16
S 17 54
S 54 45
S 52 18
S 52 59
S 49 4
S 32 37
S 45 54
S 26 4
S 52 2
S 16 20
S 34 35
S 9 33
S 21 33
S 33 23
S 22 13
S 26 15
S 35 34
S 43 7
S 42 18
S 56 27
S 44 32
S 6 46
S 36 6
S 38 40
S 9 8
S 43 35
S 59 45
S 27 34
S 52 41
S 16 39
S 58 55
S 17 20
S 21 51
S 30 43
S 26 15
S 51 21
S 38 59
S 11 7
S 33 46
S 38 16
S 4 5
S 33 2
S 17 19
S 15 55
S 5 51
S 28 43
S 6 12
S 43 60
S 29 42
S 12 17
S 55 5
S 50 30
S 59 56
S 47 46
S 12 13
S 35 7
S 43 58
S 23 6
S 60 21
S 39 26
S 37 19
S 43 16
S 17 30
S 53 7
S 22 49
S 14 53
S 34 41
S 8 20
S 51 5
S 25 36
S 57 14
S 45 16
S 1 44
S 48 50
S 23 33
S 28 17
S 1 15
S 47 3
S 23 4
S 52 59
S 48 36
S 44 34
S 47 22
S 4 56
S 52 25
S 32 56
S 33 46
S 52 3
S 60 25
S 24 1
S 17 25
S 20 21
S 46 47
S 8 37
S 57 38
S 10 58
S 49 40
S 38 22
S 34 50
S 45 58
S 41 15
S 51 28
S 3 11
S 55 42
S 36 6
S 48 20
S 54 26
S 54 44
S 38 31
S 10 4
S 3 9
S 33 51
S 5 48
S 18 8
S 54 1
S 4 49
S 50 55
S 12 13
S 25 20
S 47 58
S 14 21
S 34 48
S 15 37
S 12 13
S 23 45
S 43 7
S 18 7
S 22 42
S 16 1
S 32 28
S 18 53
S 8 42
S 34 33
S 56 59
S 58 52
S 33 49
S 4 20
S 40 11
S 12 14
S 55 47
S 29 57
S 6 25
S 31 2
S 20 37
S 7 59
S 14 10
S 9 50
S 48 38
S 19 46
S 28 55
S 53 38
S 43 28
S 28 30
S 48 51
S 59 56
S 52 46
S 18 47
S 26 13
S 44 21
S 34 56
S 22 47
S 38 8
S 38 46
S 17 42
S 53 18
S 50 37
S 35 22
S 14 26
S 27 59
S 33 26
S 2 19
S 21 33
S 12 42
S 51 44
S 56 4
S 46 26
S 38 27
S 18 22
S 18 3
S 48 38
S 14 49
S 21 14
S 56 55
S 48 59
S 51 12
S 29 53
S 46 29
S 2 12
S 51 31
S 44 58
S 27 51
S 6 34
S 18 53
S 52 40
S 30 54
S 45 47
S 4 7
S 45 48
S 46 54
S 16 40
S 57 44
S 38 28
S 59 35
S 40 8
S 37 49
S 3 30
S 37 44
S 8 37
S 22 15
S 57 24
S 54 46
S 46 21
S 18 52
S 43 35
S 27 56
S 19 2
S 29 46
S 30 54
S 44 15
S 39 27
S 23 46
S 20 55
S 3 56
S 17 38
S 28 51
S 41 26
S 19 9
S 2 31
S 26 29
S 35 24
S 38 8
S 26 60
S 20 46
S 32 58
S 59 7
S 10 4
S 60 36
S 34 58
S 4 52
S 15 30
S 54 11
S 30 40
S 57 23
S 60 43
S 3 60
S 53 38
S 49 22
S 45 54
S 32 28
S 35 45
S 59 18
S 42 51
S 24 49
S 37 5
S 19 52
S 51 18
S 47 37
S 19 36
S 47 46
S 49 22
S 14 49
S 55 5
S 35 36
S 25 8
S 37 55
S 4 2
S 33 42
S 38 53
S 40 8
S 41 36
S 36 44
S 12 22
S 47 3
S 1 58
S 30 40
S 36 12
S 34 7
S 12 58
S 52 4
S 42 55
S 44 57
S 47 41
S 19 17
S 11 7
S 55 41
S 47 22
S 38 58
S 35 36
S 3 44
S 19 21
S 23 19
S 15 22
S 52 26
S 37 20
S 40 4
S 4 5
S 8 46
S 52 41
S 1 13
S 60 42
S 3 55
S 39 31
S 50 55
S 40 30
S 17 31
S 54 26
S 37 44
S 37 49
S 31 38
S 48 23
S 2 4
S 55 21
S 40 60
S 11 59
S 32 41
S 36 26
S 38 8
S 24 35
S 11 22
S 6 58
S 54 7
S 25 10
S 13 12
S 9 56
S 51 23
S 6 2
S 4 19
S 47 15
S 1 25
S 11 42
S 45 55
S 40 5
S 29 26
S 55 5
S 2 6
S 33 32
S 59 11
S 51 12
S 56 59
S 34 56
S 41 54
S 10 51
S 46 54
S 47 48
S 48 20
S 18 13
S 13 12
S 21 30
S 9 33
S 53 12
S 7 32
S 40 16
S 26 41
S 51 59
S 46 60
S 13 22
S 14 46
S 1 54
S 41 53
S 56 32
S 19 47
S 50 30
S 24 34
S 14 27
S 56 23
S 44 59
S 42 46
S 7 26
S 6 11
S 60 28
S 30 13
S 29 57
S 51 59
S 17 51
S 3 11
S 44 32
S 34 24
S 60 50
S 59 46
S 8 30
S 44 7
S 38 2
S 14 51
S 37 19
S 47 3
S 44 31
S 4 3
S 19 8
S 16 34
S 4 7
S 33 27
S 45 23
S 3 56
S 45 17
S 57 45
S 41 31
S 56 27
S 39 13
S 59 57
S 16 11
S 52 23
S 48 45
S 3 32
S 30 9
S 7 5
S 60 36
S 5 29
S 30 21
S 27 14
S 27 50
S 5 59
S 30 36
S 59 28
S 11 7
S 1 13
S 15 55
S 58 45
S 10 30
S 45 17
S 16 2
S 58 3
S 9 28
S 26 56
S 7 43
S 42 5
S 40 12
S 18 9
S 30 13
S 34 44
S 59 57
S 59 7
S 6 9
S 27 54
S 37 4
S 22 49
S 48 2
S 18 60
S 20 21
S 16 6
S 38 35
S 51 14
S 19 20
S 37 48
S 59 18
S 5 51
S 54 45
S 44 52
S 18 13
S 48 38
S 8 17
S 21 47
S 45 12
S 34 49
S 20 55
S 45 57
S 6 4
S 43 47
S 48 51
S 46 14
S 53 27
S 60 18
S 25 4
S 32 33
S 36 20
S 51 25
S 25 40
S 42 57
S 29 3
S 52 53
S 16 6
S 23 29
S 23 29
S 16 11
S 50 7
S 17 43
S 19 26
S 17 8
S 26 31
S 51 33
S 22 35
S 4 49
S 38 16
S 52 7
S 40 11
S 4 6
S 36 18
S 1 24
S 44 54
S 47 21
S 8 60
S 44 23
S 59 52
S 39 42
S 51 13
S 33 29
S 40 35
S 46 9
S 14 58
S 17 31
S 39 25
S 12 8
S 12 45
S 6 12
S 29 5
S 39 57
S 51 1
S 37 32
S 40 33
S 59 19
S 11 27
S 59 52
S 54 29
S 44 32
S 49 44
S 8 12
S 35 24
S 30 49
S 51 11
S 36 24
S 36 18
S 26 17
S 29 53
S 35 45
S 27 59
S 37 44
S 29 37
S 22 12
S 5 40
S 29 57
S 24 49
S 58 22
S 28 30
S 40 8
S 8 56
S 30 10
S 16 26
S 55 15
S 4 37
S 58 54
S 41 57
S 47 45
S 59 16
S 23 22
S 48 5
S 55 29
S 60 18
S 24 36
S 3 60
S 9 20
S 18 3
S 26 13
S 44 23
S 23 33
S 9 50
S 51 9
S 46 14
S 10 58
S 50 34
S 2 38
S 31 9
S 37 6
S 40 30
S 35 36
S 34 48
S 1 58
S 17 31
S 24 26
S 3 60
S 58 47
S 29 37
S 25 56
S 52 23
S 29 54
S 49 52
S 36 30
S 50 30
S 3 18
S 18 51
S 32 2
S 54 2
S 50 34
S 35 30
S 60 40
S 25 43
S 53 59
S 16 4
S 37 45
S 58 3
S 2 7
S 40 58
S 30 25
S 34 7
S 60 10
S 37 32
S 13 4
S 28 3
S 59 26
S 40 38
S 27 50
S 52 27
S 58 27
S 13 26
S 56 27
S 14 16
S 45 35
S 38 35
S 54 11
S 40 31
S 56 40
S 19 30
S 6 4
S 11 52
S 54 7
S 11 42
S 10 52
S 14 52
S 32 4
S 17 11
S 31 10
S 44 33
S 1 24
S 44 23
S 7 17
S 32 3
S 30 50
S 43 19
S 20 5
S 44 24
S 3 55
S 35 34
S 13 37
S 16 19
S 26 52
S 39 15
S 48 19
S 20 15
S 44 34
S 58 27
S 49 39
S 22 23
S 4 6
S 26 30
S 17 51
S 17 19
S 36 57
S 51 32
S 28 15
S 49 40
S 6 58
S 14 49
S 43 3
S 43 38
S 58 52
S 26 56
S 9 3
S 17 12
S 52 8
S 54 30
S 5 11
S 51 32
S 11 33
S 31 44
S 55 37
S 45 54
S 8 15
S 7 35
S 37 44
S 46 58
S 23 57
S 55 45
S 53 27
S 55 21
S 33 2
S 3 44
S 44 19
S 52 18
S 54 11
S 46 14
S 6 24
S 11 22
S 18 60
S 45 40
S 52 10
S 33 7
S 54 21
S 28 30
S 6 25
S 38 8
S 5 42
S 25 39
S 60 19
S 6 19
S 9 30
S 12 42
S 43 19
S 12 42
S 49 8
S 21 29
S 15 22
S 29 41
S 58 44
S 24 1
S 20 9
S 49 27
S 44 23
S 46 29
S 20 53
S 25 33
S 27 49
S 60 28
S 29 21
S 36 55
S 22 25
S 45 15
S 35 7
S 57 37
S 58 3
S 54 36
S 34 42
S 7 34
S 39 57
S 26 37
S 60 43
S 24 50
S 58 1
S 58 27
S 35 10
S 51 8
S 35 49
S 11 51
S 38 17
S 4 32
S 11 32
S 56 34
S 18 7
S 9 23
S 27 34
S 3 58
S 16 48
S 53 36
S 53 25
S 33 26
S 52 3
S 42 55
S 44 54
S 46 52
S 11 22
S 35 34
S 1 36
S 5 40
S 35 24
S 58 34
S 19 60
S 15 12
S 40 35
S 59 52
S 37 13
S 26 16
S 26 12
S 21 1
S 53 45
S 20 54
S 25 53
S 26 2
S 35 10
S 51 21
S 57 54
S 14 49
S 11 6
S 18 51
S 19 43
S 55 10
S 50 27
S 59 31
S 22 15
S 19 6
S 29 54
S 6 13
S 48 45
S 25 60
S 17 43
S 58 45
S 5 59
S 53 22
S 49 7
S 32 46
S 26 12
S 57 9
S 46 43
S 10 20
S 8 38
S 53 37
S 34 27
S 17 30
S 15 55
S 58 14
S 20 21
S 51 25
S 45 48
S 8 52
S 38 8
S 22 15
S 42 57
S 42 17
S 21 19
S 3 58
S 33 23
S 25 60
S 26 15
S 18 8
S 52 46
S 13 39
S 30 3
S 22 58
S 16 9
S 51 23
S 22 18
S 28 8
S 4 40
S 44 45
S 45 58
S 9 18
S 43 25
S 22 11
S 38 42
S 34 58
S 53 52
S 13 15
S 2 54
S 28 3
S 29 55
S 60 40
S 45 47
S 15 4
S 30 36
S 3 11
S 30 10
S 30 49
S 1 24
S 31 5
S 6 4
S 30 35
S 31 9
S 22 38
S 14 58
S 49 14
S 35 30
S 25 30
S 8 60
S 43 56
S 51 53
S 32 29
S 35 24
S 43 28
S 49 37
S 39 15
S 50 11
S 54 17
S 22 49
S 30 50
S 33 34
S 36 22
S 10 14
S 19 5
S 4 37
S 51 10
S 7 60
S 42 41
S 54 19
S 36 6
S 16 48
S 28 16
S 34 37
S 18 36
S 42 34
S 11 42
S 30 3
S 7 1
S 27 52
S 24 37
S 12 36
S 33 34
S 34 27
S 8 56
S 20 19
S 48 16
S 8 43
S 25 30
S 54 60
S 22 53
S 53 34
S 27 34
S 6 24
S 28 37
S 21 1
S 40 26
S 34 56
S 38 57
S 56 40
S 7 51
S 8 19
S 56 38
S 23 28
S 56 38
S 44 32
S 30 22
S 53 41
S 47 33
S 55 50
S 47 33
S 8 18
S 43 16
S 42 29
S 20 42
S 36 54
S 3 58
S 43 28
S 28 8
S 9 3
S 11 53
S 49 21
S 14 49
S 5 23
S 46 52
S 20 21
S 32 51
S 52 13
S 48 59
S 2 30
S 34 17
S 13 22
S 24 20
S 50 60
S 40 22
S 30 25
S 37 1
S 16 6
S 26 19
S 46 59
S 1 13
S 37 20
S 26 56
S 48 47
S 24 11
S 26 59
S 1 44
S 52 18
S 33 44
S 40 58
S 19 16
S 9 8
S 36 5
S 39 13
S 2 30
S 55 27
S 3 52
S 49 56
S 15 55
S 40 5
S 18 53
S 8 51
S 59 52
S 23 22
S 23 39
S 16 11
S 3 24
