90 492 2460
32 44 20 45 39 40 52 37 18 94 29 24 85 98 57 1 73 46 15 22 67 41 81 50 38 47 4 82 3 99 66 59 49 55 87 31 27 72 60 92 74 30 76 26 93 51 78 21 5 16 0 91 75 17 35 97 68 95 48 77 79 70 80 53 28 36 63 58 19 61 65 42 23 62 90 8 34 12 33 54 71 56 25 86 96 43 89 2 88 6
84 17
58 4
19 39
19 86
59 78
40 22
11 3
84 37
76 47
8 90
18 82
11 86
23 25
32 46
76 3
90 39
25 2
58 38
11 49
79 55
80 58
79 85
59 47
70 65
76 63
53 55
16 31
46 54
8 75
80 87
6 50
58 2
24 85
18 87
61 29
56 25
79 59
1 88
42 82
16 19
83 1
7 65
66 82
48 49
88 82
6 41
6 87
6 48
8 88
56 69
18 88
46 76
71 37
77 89
61 21
18 22
45 37
5 48
8 49
24 7
21 17
42 73
81 73
59 10
21 31
47 73
53 51
53 65
22 41
6 68
17 4
61 62
46 62
27 48
19 87
43 12
23 9
64 83
44 66
11 78
6 57
68 59
57 65
28 42
66 69
60 88
5 55
23 38
20 77
35 71
54 68
87 25
75 55
70 19
87 63
24 47
66 4
21 50
77 69
7 55
11 87
31 52
90 85
68 78
83 28
51 86
11 22
20 36
76 39
7 68
84 89
52 39
21 89
22 37
53 5
54 74
13 39
16 85
24 27
72 63
85 88
90 11
26 57
46 68
42 48
61 70
18 24
79 6
51 34
16 66
61 11
74 65
46 40
19 17
34 72
11 67
53 73
11 62
45 22
44 14
20 62
14 69
86 47
19 69
44 39
20 82
55 17
40 68
6 31
57 74
15 75
42 63
76 35
80 84
34 71
79 25
72 29
46 88
18 46
66 59
21 29
18 28
30 35
83 75
33 55
84 71
35 12
45 72
23 22
61 89
15 65
46 24
43 71
1 87
82 69
58 41
38 37
40 41
26 36
51 14
65 47
90 12
80 19
19 63
38 86
76 87
8 35
14 60
75 13
85 47
29 47
56 57
51 63
89 43
30 37
1 86
51 55
56 65
16 3
22 25
60 69
56 17
14 13
15 85
26 68
84 83
76 44
42 12
38 2
61 63
84 28
68 86
43 69
45 9
57 11
86 78
28 63
81 22
77 10
54 10
42 72
20 25
70 49
57 33
45 87
40 23
5 90
90 4
79 18
50 65
33 63
31 41
32 11
34 67
81 82
62 9
43 63
15 44
89 88
5 86
7 39
62 59
84 85
23 7
18 74
57 82
90 17
72 48
75 63
53 21
76 73
85 4
53 83
53 11
19 22
28 73
85 42
84 54
5 32
8 65
30 9
64 85
76 57
76 9
18 41
83 57
18 14
5 68
24 43
8 16
26 13
61 24
35 38
30 89
88 48
34 41
46 70
26 58
89 49
33 12
21 84
22 47
80 6
30 47
27 67
6 55
35 70
45 38
12 71
88 67
27 78
18 68
35 37
16 52
62 86
35 34
45 27
1 38
21 67
84 68
56 34
28 17
83 39
46 50
21 83
21 38
52 63
19 82
6 69
26 29
88 4
35 75
70 48
60 48
64 27
58 40
85 34
61 59
60 37
76 10
80 52
56 88
75 39
45 61
61 31
38 9
8 51
35 74
75 87
44 25
36 59
23 14
80 72
79 12
19 78
65 17
51 59
70 88
26 42
85 9
61 43
42 74
14 47
49 73
6 7
18 31
50 74
44 85
83 4
59 4
64 86
5 2
39 69
1 72
21 52
16 78
11 59
79 67
20 9
79 43
64 15
86 25
82 73
61 25
21 23
12 73
31 62
52 43
45 52
23 49
82 67
61 76
5 19
70 7
56 51
76 72
40 11
43 17
45 74
48 59
13 52
87 29
11 65
87 67
70 22
84 12
42 47
31 25
24 30
59 63
45 58
35 63
28 39
38 60
52 41
20 42
1 29
35 41
16 4
84 43
34 82
63 17
12 55
87 22
84 57
24 54
81 60
23 87
19 48
45 57
18 71
24 89
48 17
58 88
89 78
84 87
60 3
70 17
11 68
88 29
26 62
42 59
2 4
21 11
61 86
81 88
80 35
58 77
18 90
8 12
90 14
83 47
84 24
28 67
56 54
66 17
74 17
34 4
79 56
74 2
3 12
74 73
86 39
89 65
24 25
18 40
46 38
90 69
53 31
5 74
30 11
83 54
42 29
48 55
45 31
6 14
54 72
36 65
64 1
5 26
66 10
70 68
26 47
35 59
79 82
8 44
89 82
60 12
30 29
90 9
72 47
28 89
77 9
58 44
80 18
51 72
75 41
5 8
53 36
83 11
45 26
79 89
52 12
27 41
40 55
20 88
32 56
84 35
46 77
32 54
8 55
56 74
S 21 52
S 62 9
S 42 74
S 29 87
S 42 63
S 62 61
S 21 31
S 50 74
S 44 25
S 59 35
S 84 28
S 63 33
S 9 23
S 20 36
S 80 84
S 61 76
S 83 11
S 86 47
S 88 82
S 59 68
S 12 90
S 55 51
S 82 66
S 19 63
S 4 90
S 3 76
S 18 40
S 72 54
S 61 43
S 21 29
S 14 90
S 59 36
S 72 29
S 35 70
S 39 19
S 66 10
S 55 33
S 78 16
S 24 7
S 70 68
S 88 1
S 65 74
S 82 20
S 18 24
S 11 49
S 18 40
S 75 39
S 68 86
S 25 44
S 64 83
S 59 10
S 17 70
S 42 59
S 62 31
S 85 15
S 6 79
S 62 86
S 76 57
S 70 49
S 90 8
S 46 70
S 16 4
S 29 88
S 69 77
S 17 56
S 34 51
S 51 86
S 2 74
S 66 4
S 59 47
S 19 87
S 83 39
S 26 13
S 89 30
S 12 73
S 48 60
S 47 26
S 83 54
S 34 71
S 65 8
S 26 57
S 49 23
S 66 17
S 31 52
S 16 19
S 4 17
S 45 57
S 61 31
S 8 35
S 47 26
S 23 49
S 18 79
S 59 61
S 21 89
S 38 2
S 17 19
S 47 76
S 82 42
S 51 8
S 39 86
S 60 37
S 56 57
S 59 11
S 28 18
S 42 47
S 80 87
S 15 65
S 74 54
S 74 54
S 29 26
S 70 88
S 34 67
S 74 17
S 35 12
S 84 83
S 49 11
S 62 61
S 51 72
S 79 85
S 2 25
S 25 23
S 6 14
S 50 21
S 72 47
S 28 39
S 48 72
S 45 58
S 36 20
S 65 89
S 60 12
S 65 47
S 11 30
S 68 84
S 70 49
S 53 11
S 28 18
S 39 69
S 17 70
S 36 20
S 39 52
S 87 63
S 25 56
S 82 66
S 18 28
S 31 16
S 15 85
S 68 70
S 87 19
S 53 36
S 11 61
S 65 15
S 13 14
S 14 60
S 51 55
S 61 29
S 38 9
S 6 87
S 65 53
S 23 38
S 35 8
S 24 54
S 44 85
S 20 42
S 46 77
S 76 63
S 8 35
S 87 11
S 68 59
S 56 74
S 11 22
S 8 35
S 85 79
S 24 89
S 61 62
S 48 88
S 43 84
S 12 60
S 28 42
S 86 78
S 88 8
S 16 4
S 47 14
S 29 21
S 2 25
S 76 73
S 86 11
S 84 83
S 39 69
S 29 30
S 82 88
S 36 65
S 11 22
S 12 35
S 54 24
S 26 36
S 48 5
S 20 25
S 59 51
S 17 63
S 60 38
S 70 65
S 68 70
S 63 52
S 69 43
S 77 20
S 21 53
S 74 18
S 65 89
S 71 18
S 53 36
S 84 17
S 28 18
S 49 48
S 16 31
S 30 11
S 69 56
S 19 17
S 90 14
S 19 22
S 78 27
S 6 48
S 73 47
S 88 48
S 58 4
S 42 26
S 73 12
S 16 85
S 62 46
S 23 7
S 45 27
S 81 60
S 87 80
S 86 64
S 48 70
S 37 35
S 39 52
S 65 15
S 59 51
S 85 64
S 22 81
S 63 75
S 69 14
S 23 38
S 81 73
S 71 84
S 86 47
S 82 73
S 25 87
S 87 11
S 22 47
S 30 89
S 30 24
S 87 19
S 52 45
S 22 37
S 72 54
S 59 78
S 89 88
S 42 29
S 15 85
S 35 8
S 88 81
S 12 84
S 70 7
S 16 52
S 21 84
S 87 29
S 35 70
S 43 79
S 56 54
S 87 23
S 25 23
S 42 85
S 17 63
S 88 20
S 61 11
S 17 4
S 12 73
S 6 50
S 18 46
S 26 58
S 13 26
S 78 19
S 24 61
S 36 20
S 38 23
S 83 84
S 4 85
S 87 63
S 69 19
S 72 45
S 24 85
S 13 26
S 73 49
S 77 69
S 11 90
S 71 43
S 19 80
S 6 50
S 39 52
S 88 8
S 46 77
S 56 74
S 40 22
S 68 78
S 48 70
S 55 17
S 8 55
S 49 8
S 21 11
S 47 59
S 70 7
S 21 50
S 66 4
S 65 8
S 63 72
S 31 16
S 17 84
S 24 89
S 68 26
S 21 11
S 45 9
S 21 31
S 54 56
S 2 58
S 24 47
S 8 12
S 59 47
S 6 55
S 53 73
S 65 50
S 25 44
S 78 16
S 6 87
S 5 32
S 72 76
S 88 4
S 81 73
S 30 24
S 21 29
S 31 53
S 38 21
S 6 7
S 79 56
S 2 58
S 13 52
S 34 4
S 47 30
S 59 63
S 61 31
S 7 65
S 48 59
S 30 89
S 70 19
S 89 88
S 44 25
S 74 18
S 53 73
S 83 84
S 9 76
S 88 8
S 46 24
S 57 65
S 20 9
S 51 59
S 22 37
S 25 31
S 19 69
S 34 71
S 84 43
S 85 15
S 8 55
S 53 83
S 89 77
S 21 61
S 79 12
S 17 21
S 51 72
S 55 48
S 67 28
S 60 81
S 7 39
S 43 71
S 47 59
S 26 47
S 85 15
S 61 62
S 21 53
S 59 61
S 30 89
S 43 71
S 84 28
S 57 83
S 17 90
S 19 69
S 40 55
S 83 64
S 69 90
S 20 82
S 77 9
S 11 83
S 47 76
S 22 70
S 69 66
S 85 16
S 88 89
S 84 35
S 39 83
S 49 70
S 20 25
S 83 54
S 11 62
S 39 76
S 77 10
S 85 42
S 57 82
S 25 56
S 68 86
S 87 75
S 39 19
S 83 64
S 51 86
S 48 70
S 84 12
S 66 59
S 40 55
S 35 76
S 85 84
S 89 65
S 44 15
S 27 41
S 65 7
S 31 45
S 32 5
S 1 29
S 43 12
S 55 33
S 1 29
S 30 89
S 85 15
S 8 88
S 82 89
S 40 23
S 11 40
S 45 22
S 44 58
S 71 84
S 58 4
S 20 88
S 11 22
S 35 70
S 24 18
S 68 11
S 84 17
S 61 76
S 31 52
S 89 49
S 28 17
S 47 14
S 66 59
S 4 88
S 87 45
S 17 48
S 43 89
S 4 2
S 25 86
S 46 50
S 57 56
S 75 35
S 2 38
S 11 67
S 74 73
S 57 26
S 79 12
S 88 48
S 76 61
S 35 37
S 62 26
S 39 83
S 62 61
S 12 84
S 18 80
S 21 83
S 61 70
S 73 47
S 48 88
S 89 65
S 48 70
S 46 32
S 86 1
S 56 32
S 16 8
S 25 31
S 19 5
S 2 5
S 67 87
S 70 88
S 85 24
S 18 80
S 55 17
S 4 58
S 24 89
S 39 19
S 17 48
S 58 80
S 8 44
S 14 47
S 21 29
S 86 11
S 34 71
S 58 45
S 86 39
S 13 75
S 80 58
S 15 75
S 41 31
S 53 55
S 35 74
S 71 43
S 55 6
S 83 11
S 2 74
S 31 6
S 37 84
S 47 22
S 19 63
S 70 22
S 76 10
S 34 35
S 70 7
S 17 90
S 5 48
S 74 73
S 40 58
S 44 8
S 39 69
S 35 34
S 41 6
S 64 1
S 71 18
S 80 35
S 83 53
S 58 4
S 81 60
S 53 65
S 18 88
S 19 86
S 85 84
S 25 31
S 11 62
S 39 69
S 48 60
S 61 25
S 56 17
S 86 51
S 17 19
S 53 65
S 31 52
S 38 35
S 59 47
S 48 19
S 88 70
S 19 82
S 56 57
S 81 22
S 10 66
S 5 32
S 21 38
S 60 3
S 10 76
S 23 38
S 4 83
S 89 77
S 5 90
S 28 89
S 54 32
S 65 74
S 5 19
S 45 38
S 40 11
S 22 87
S 55 12
S 11 22
S 47 14
S 4 34
S 45 87
S 63 87
S 73 49
S 24 47
S 57 56
S 67 82
S 54 74
S 36 26
S 23 22
S 9 38
S 48 60
S 21 23
S 38 9
S 24 84
S 44 76
S 17 56
S 9 38
S 58 45
S 65 36
S 37 84
S 18 40
S 8 16
S 35 70
S 12 52
S 39 44
S 68 26
S 88 18
S 42 74
S 26 58
S 66 4
S 46 76
S 28 39
S 65 15
S 30 35
S 72 63
S 18 68
S 16 3
S 58 80
S 90 69
S 49 73
S 18 31
S 55 7
S 26 13
S 65 74
S 34 4
S 61 24
S 28 42
S 80 6
S 19 69
S 57 76
S 87 1
S 17 90
S 51 8
S 89 88
S 52 43
S 56 79
S 41 52
S 18 68
S 12 3
S 21 11
S 5 32
S 9 38
S 69 90
S 2 4
S 70 88
S 67 88
S 88 4
S 64 85
S 70 68
S 7 68
S 61 43
S 14 6
S 26 47
S 21 38
S 78 86
S 54 74
S 65 8
S 31 21
S 63 28
S 49 48
S 73 49
S 44 14
S 52 21
S 26 13
S 33 57
S 15 65
S 45 52
S 18 22
S 82 69
S 26 29
S 84 89
S 85 79
S 14 44
S 44 39
S 35 37
S 9 76
S 19 87
S 78 11
S 83 64
S 63 28
S 55 79
S 11 86
S 60 48
S 73 76
S 22 70
S 4 90
S 11 57
S 53 51
S 74 5
S 35 71
S 51 86
S 57 74
S 21 29
S 33 63
S 70 7
S 33 55
S 84 89
S 31 53
S 61 45
S 82 81
S 84 57
S 59 68
S 90 11
S 23 38
S 65 74
S 7 65
S 89 30
S 24 85
S 82 20
S 40 55
S 46 62
S 70 65
S 89 61
S 36 20
S 74 50
S 43 17
S 6 41
S 26 5
S 27 64
S 8 44
S 87 63
S 52 21
S 81 73
S 89 84
S 59 11
S 80 87
S 49 73
S 78 16
S 84 83
S 3 60
S 72 63
S 83 84
S 84 89
S 2 38
S 7 6
S 7 23
S 84 17
S 79 12
S 88 8
S 58 40
S 69 56
S 70 88
S 64 27
S 69 60
S 12 73
S 6 48
S 76 44
S 54 24
S 25 44
S 52 80
S 31 52
S 61 63
S 78 89
S 20 62
S 82 42
S 20 9
S 62 61
S 22 81
S 85 44
S 63 51
S 24 54
S 87 84
S 61 45
S 49 11
S 22 18
S 31 6
S 38 46
S 18 71
S 33 57
S 31 18
S 79 6
S 67 79
S 6 7
S 26 42
S 27 45
S 56 32
S 32 46
S 29 21
S 79 56
S 15 64
S 79 6
S 24 43
S 84 21
S 21 17
S 10 59
S 20 88
S 12 52
S 29 21
S 44 85
S 26 45
S 56 17
S 35 37
S 82 34
S 22 23
S 29 30
S 22 23
S 59 78
S 34 41
S 82 73
S 89 21
S 12 71
S 21 50
S 77 89
S 85 88
S 61 63
S 88 18
S 48 49
S 19 16
S 47 72
S 67 79
S 12 42
S 5 90
S 25 87
S 38 45
S 11 30
S 56 34
S 47 22
S 75 15
S 67 34
S 62 20
S 67 87
S 22 47
S 53 11
S 43 52
S 37 22
S 47 85
S 35 80
S 22 41
S 44 8
S 25 31
S 74 50
S 68 86
S 57 65
S 82 88
S 54 74
S 44 85
S 35 38
S 19 16
S 72 42
S 7 68
S 68 18
S 89 43
S 58 4
S 82 88
S 4 90
S 58 44
S 22 40
S 14 18
S 71 35
S 61 89
S 76 72
S 40 23
S 24 7
S 81 22
S 19 5
S 82 19
S 89 78
S 19 5
S 34 71
S 15 44
S 76 39
S 6 7
S 79 67
S 85 16
S 66 44
S 68 46
S 23 14
S 38 9
S 24 47
S 59 47
S 18 82
S 60 88
S 89 84
S 11 3
S 47 24
S 18 40
S 5 26
S 57 33
S 19 78
S 49 8
S 37 84
S 72 48
S 74 35
S 11 59
S 9 62
S 43 71
S 44 85
S 41 75
S 75 41
S 52 13
S 47 30
S 56 88
S 59 36
S 17 74
S 72 63
S 77 89
S 19 87
S 41 22
S 37 60
S 19 16
S 26 29
S 48 88
S 15 64
S 65 89
S 56 51
S 88 1
S 88 4
S 11 40
S 50 6
S 72 47
S 53 21
S 8 55
S 76 47
S 47 72
S 81 82
S 47 24
S 11 3
S 11 59
S 82 73
S 4 58
S 21 53
S 87 19
S 54 56
S 58 38
S 88 18
S 46 24
S 27 24
S 4 90
S 34 56
S 41 6
S 47 42
S 55 5
S 54 84
S 8 49
S 90 9
S 3 60
S 56 57
S 87 18
S 5 74
S 5 26
S 61 29
S 84 35
S 7 24
S 12 71
S 70 19
S 61 62
S 45 9
S 49 73
S 66 10
S 79 43
S 54 24
S 59 68
S 37 84
S 29 26
S 46 40
S 78 16
S 41 27
S 82 88
S 88 56
S 88 70
S 47 76
S 2 58
S 59 47
S 71 37
S 88 67
S 74 57
S 8 51
S 39 7
S 65 15
S 31 21
S 28 63
S 42 63
S 42 26
S 75 41
S 59 62
S 54 10
S 68 70
S 24 30
S 50 46
S 83 57
S 11 49
S 46 88
S 44 25
S 5 19
S 36 65
S 39 44
S 57 26
S 54 24
S 27 67
S 7 70
S 52 31
S 19 80
S 12 73
S 87 6
S 17 19
S 87 67
S 19 69
S 56 74
S 87 1
S 70 65
S 4 58
S 5 53
S 11 78
S 87 63
S 3 12
S 36 59
S 73 28
S 35 76
S 45 74
S 37 60
S 59 51
S 68 46
S 2 74
S 83 21
S 82 69
S 72 48
S 59 4
S 58 77
S 88 70
S 31 25
S 39 76
S 42 63
S 55 33
S 88 4
S 69 82
S 31 53
S 19 87
S 38 86
S 39 90
S 37 38
S 68 86
S 22 47
S 63 72
S 31 21
S 7 6
S 61 25
S 25 79
S 90 18
S 89 84
S 80 87
S 36 26
S 27 48
S 4 83
S 35 8
S 12 90
S 45 22
S 56 17
S 38 9
S 63 59
S 8 44
S 4 90
S 63 52
S 54 68
S 81 73
S 19 17
S 47 86
S 86 62
S 50 6
S 53 31
S 72 29
S 47 59
S 89 28
S 57 82
S 70 68
S 86 5
S 68 46
S 20 62
S 41 52
S 18 68
S 2 4
S 87 23
S 20 36
S 64 1
S 4 85
S 39 90
S 6 68
S 79 55
S 76 9
S 43 61
S 56 51
S 35 70
S 46 50
S 25 2
S 24 61
S 90 69
S 57 83
S 20 88
S 54 74
S 38 35
S 68 6
S 72 45
S 75 39
S 7 68
S 74 50
S 68 78
S 27 48
S 76 39
S 55 12
S 59 79
S 5 32
S 34 72
S 19 69
S 63 59
S 73 53
S 43 52
S 52 45
S 25 86
S 40 41
S 31 41
S 82 79
S 56 51
S 22 45
S 29 21
S 75 39
S 15 75
S 19 87
S 42 48
S 11 57
S 39 44
S 79 43
S 14 51
S 1 88
S 14 6
S 44 76
S 32 5
S 90 39
S 43 84
S 19 39
S 46 18
S 80 52
S 84 68
S 40 68
S 63 61
S 24 89
S 52 12
S 63 51
S 44 25
S 63 35
S 57 6
S 31 45
S 59 78
S 15 85
S 79 89
S 74 50
S 25 20
S 55 7
S 84 35
S 22 25
S 3 12
S 11 78
S 48 6
S 64 1
S 86 68
S 53 5
S 86 62
S 72 54
S 63 61
S 52 21
S 88 48
S 89 21
S 79 56
S 45 74
S 76 57
S 11 62
S 43 17
S 35 70
S 89 28
S 19 86
S 18 82
S 7 24
S 35 8
S 70 68
S 46 76
S 2 58
S 16 3
S 22 70
S 53 21
S 79 85
S 68 26
S 81 82
S 84 80
S 18 28
S 88 4
S 47 14
S 21 61
S 72 54
S 57 11
S 20 77
S 29 47
S 71 35
S 53 83
S 18 68
S 85 64
S 69 77
S 45 38
S 85 4
S 8 12
S 89 61
S 65 70
S 43 24
S 52 31
S 63 17
S 40 18
S 46 32
S 66 59
S 80 19
S 78 19
S 50 21
S 11 53
S 5 86
S 4 66
S 44 25
S 48 88
S 25 20
S 21 38
S 37 35
S 29 1
S 85 84
S 47 14
S 59 4
S 39 75
S 74 35
S 11 68
S 66 17
S 51 34
S 78 68
S 81 22
S 70 65
S 61 86
S 21 50
S 31 16
S 59 36
S 44 76
S 82 20
S 30 29
S 67 87
S 53 83
S 44 39
S 1 38
S 57 11
S 67 21
S 40 22
S 73 49
S 11 78
S 19 63
S 88 1
S 80 18
S 63 51
S 34 67
S 42 12
S 44 8
S 13 14
S 89 24
S 73 28
S 82 66
S 65 53
S 63 52
S 42 29
S 53 31
S 73 74
S 1 64
S 29 26
S 10 76
S 27 48
S 47 86
S 89 88
S 87 29
S 43 12
S 61 24
S 43 52
S 34 72
S 7 70
S 43 69
S 57 65
S 47 30
S 25 31
S 84 80
S 83 75
S 17 43
S 45 57
S 30 29
S 88 70
S 48 72
S 25 31
S 22 47
S 66 69
S 37 22
S 38 2
S 26 36
S 49 73
S 12 42
S 77 9
S 38 86
S 67 87
S 86 38
S 11 59
S 76 10
S 16 66
S 84 43
S 74 17
S 90 69
S 38 37
S 85 84
S 39 69
S 90 8
S 87 63
S 83 64
S 14 90
S 75 13
S 42 29
S 16 3
S 68 86
S 38 9
S 40 46
S 31 16
S 52 41
S 63 76
S 16 85
S 69 39
S 63 59
S 24 47
S 55 75
S 89 88
S 70 61
S 1 29
S 34 41
S 48 60
S 51 59
S 74 2
S 18 46
S 11 40
S 11 32
S 81 88
S 26 13
S 26 29
S 26 57
S 1 87
S 87 23
S 24 61
S 42 63
S 35 84
S 27 78
S 40 58
S 68 59
S 90 5
S 63 35
S 11 68
S 73 53
S 74 17
S 22 23
S 17 19
S 25 79
S 53 21
S 48 5
S 22 25
S 58 80
S 71 35
S 79 56
S 8 16
S 11 32
S 85 34
S 45 22
S 81 73
S 6 50
S 83 47
S 39 76
S 74 17
S 35 75
S 53 11
S 82 18
S 89 65
S 62 46
S 20 88
S 51 53
S 68 86
S 58 44
S 34 82
S 78 11
S 59 78
S 35 63
S 27 64
S 63 17
S 81 22
S 18 80
S 68 5
S 67 34
S 8 55
S 68 18
S 14 18
S 4 16
S 82 66
S 4 88
S 37 30
S 41 22
S 26 29
S 22 47
S 70 46
S 21 83
S 35 41
S 41 27
S 88 18
S 87 23
S 47 14
S 79 12
S 19 70
S 58 40
S 41 52
S 89 43
S 30 9
S 84 37
S 85 47
S 62 31
S 5 74
S 19 5
S 43 89
S 58 2
S 87 84
S 2 38
S 35 70
S 53 11
S 8 90
S 87 18
S 9 38
S 12 71
S 83 28
S 54 83
S 54 24
S 57 76
S 25 79
S 17 84
S 86 51
S 72 54
S 5 68
S 87 45
S 37 30
S 69 77
S 90 14
S 47 72
S 23 87
S 65 7
S 52 31
S 58 38
S 12 35
S 16 52
S 86 19
S 43 63
S 61 70
S 37 84
S 10 77
S 85 90
S 88 29
S 21 23
S 39 83
S 84 24
S 1 86
S 29 1
S 42 48
S 57 33
S 90 8
S 81 82
S 47 85
S 42 82
S 31 21
S 84 87
S 4 59
S 14 51
S 63 61
S 15 75
S 35 71
S 21 61
S 60 48
S 59 63
S 89 78
S 46 88
S 11 83
S 86 47
S 11 21
S 14 60
S 74 5
S 22 25
S 10 66
S 37 84
S 76 47
S 77 10
S 38 58
S 15 65
S 17 48
S 26 5
S 71 37
S 32 5
S 74 5
S 25 24
S 69 14
S 81 22
S 52 21
S 44 76
S 31 6
S 44 76
S 55 40
S 39 69
S 87 19
S 82 67
S 62 31
S 30 47
S 26 29
S 65 17
S 48 17
S 75 39
S 62 46
S 6 7
S 43 24
S 64 85
S 35 80
S 40 22
S 70 7
S 11 57
S 62 31
S 82 34
S 17 43
S 17 4
S 2 4
S 78 59
S 87 11
S 72 29
S 50 46
S 19 78
S 62 31
S 43 61
S 50 46
S 59 4
S 42 48
S 51 86
S 66 16
S 79 12
S 53 55
S 42 73
S 17 90
S 23 22
S 78 68
S 80 58
S 78 27
S 34 67
S 60 88
S 3 12
S 88 46
S 54 68
S 69 6
S 11 78
S 11 30
S 22 19
S 59 78
S 9 77
S 23 21
S 28 39
S 70 68
S 70 19
S 80 6
S 2 74
S 22 23
S 22 87
S 57 83
S 66 17
S 10 66
S 54 10
S 65 47
S 43 71
S 90 18
S 2 25
S 63 43
S 20 9
S 47 30
S 36 65
S 49 89
S 21 38
S 20 9
S 72 51
S 21 89
S 59 62
S 78 89
S 12 73
S 73 12
S 4 17
S 3 12
S 43 71
S 43 52
S 31 21
S 33 57
S 29 72
S 39 19
S 73 53
S 70 7
S 51 63
S 53 5
S 42 73
S 46 24
S 7 24
S 48 49
S 9 45
S 85 84
S 84 57
S 30 9
S 82 69
S 15 75
S 59 42
S 43 61
S 45 74
S 9 76
S 35 38
S 46 77
S 22 25
S 75 35
S 43 63
S 89 49
S 21 52
S 65 47
S 26 47
S 53 36
S 66 10
S 46 40
S 26 58
S 19 22
S 57 56
S 36 65
S 29 61
S 5 74
S 55 17
S 90 14
S 39 28
S 23 49
S 4 85
S 32 46
S 76 72
S 1 88
S 9 45
S 68 26
S 18 28
S 73 53
S 87 6
S 53 73
S 85 9
S 88 60
S 39 90
S 18 68
S 21 50
S 36 53
S 78 19
S 55 6
S 26 13
S 74 50
S 26 45
S 39 90
S 6 68
S 86 38
S 75 39
S 48 88
S 82 73
S 41 27
S 18 88
S 23 7
S 39 75
S 40 22
S 11 83
S 18 80
S 65 47
S 72 80
S 84 17
S 49 8
S 85 42
S 87 75
S 62 11
S 50 6
S 57 11
S 89 82
S 9 45
S 30 29
S 88 46
S 54 84
S 9 38
S 56 32
S 40 55
S 63 72
S 33 57
S 3 11
S 28 18
S 88 46
S 56 51
S 6 48
S 36 59
S 72 34
S 52 43
S 19 63
S 79 43
S 45 27
S 26 36
S 29 47
S 76 72
S 37 84
S 75 8
S 17 65
S 16 4
S 88 60
S 70 19
S 17 4
S 89 77
S 25 56
S 5 8
S 18 79
S 64 83
S 48 42
S 84 17
S 38 37
S 84 85
S 87 22
S 15 64
S 65 53
S 80 18
S 31 61
S 26 47
S 4 90
S 44 85
S 18 24
S 16 66
S 32 54
S 28 73
S 38 21
S 22 40
S 57 26
S 58 44
S 19 80
S 28 84
S 30 29
S 12 55
S 11 57
S 45 26
S 7 39
S 38 86
S 28 83
S 87 25
S 87 84
S 11 21
S 69 39
S 16 85
S 34 4
S 3 12
S 16 66
S 44 15
S 57 56
S 1 64
S 87 76
S 66 44
S 36 59
S 11 53
S 17 63
S 2 58
S 68 86
S 61 86
S 58 2
S 75 39
S 76 57
S 87 84
S 60 48
S 88 58
S 58 26
S 7 70
S 50 21
S 64 15
S 89 82
S 85 34
S 30 35
S 19 39
S 80 84
S 54 68
S 70 46
S 70 61
S 62 31
S 45 61
S 51 56
S 75 87
S 67 82
S 25 23
S 82 57
S 19 22
S 11 61
S 53 36
S 1 38
S 47 72
S 48 70
S 60 69
S 38 58
S 35 37
S 86 19
S 52 13
S 6 31
S 61 59
S 55 53
S 20 62
S 73 76
S 61 62
S 70 19
S 87 1
S 1 38
S 1 88
S 79 18
S 63 59
S 31 41
S 40 68
S 12 33
S 61 76
S 19 70
S 25 23
S 9 23
S 6 48
S 37 35
S 16 85
S 17 65
S 53 55
S 47 59
S 39 52
S 57 84
S 88 70
S 11 53
S 88 4
S 28 18
S 21 67
S 42 48
S 19 87
S 23 14
S 83 53
S 84 12
S 19 86
S 6 69
S 20 82
S 31 53
S 14 69
S 17 28
S 68 7
S 23 38
S 85 42
S 76 87
S 64 85
S 18 90
S 34 51
S 66 16
S 73 81
S 46 76
S 29 30
S 70 88
S 88 18
S 56 57
S 51 72
S 9 85
S 22 45
S 5 53
S 24 25
S 44 8
S 61 86
S 89 21
S 85 84
S 11 59
S 78 68
S 87 18
S 12 71
S 1 64
S 19 63
S 82 89
S 12 73
S 8 16
S 57 65
S 88 1
S 82 42
S 84 80
S 64 1
S 1 86
S 7 6
S 46 62
S 57 26
S 68 26
S 84 68
S 76 47
S 70 68
S 75 39
S 59 79
S 59 79
S 12 43
S 37 45
S 42 28
S 45 22
S 49 48
S 85 34
S 75 83
S 63 17
S 4 88
S 73 81
S 18 24
S 65 15
S 5 90
S 49 48
S 58 40
S 12 71
S 89 61
S 90 85
S 33 57
S 60 3
S 64 27
S 87 11
S 78 68
S 88 85
S 59 48
S 74 45
S 38 35
S 65 74
S 51 55
S 39 13
S 40 11
S 89 84
S 57 83
S 48 60
S 83 11
S 35 74
S 59 42
S 72 48
S 69 82
S 29 42
S 63 19
S 57 74
S 59 79
S 52 41
S 56 51
S 10 76
S 18 74
S 70 65
S 45 58
S 14 90
S 37 84
S 38 86
S 37 45
S 26 29
S 25 2
S 12 90
S 44 15
S 83 21
S 13 39
S 17 48
S 86 1
S 30 11
S 38 1
S 84 54
S 31 62
S 53 36
S 75 8
S 8 90
S 19 86
S 21 11
S 25 61
S 25 2
S 90 39
S 68 26
S 1 72
S 11 90
S 11 83
S 72 54
S 14 23
S 47 86
S 62 11
S 53 5
S 20 9
S 68 11
S 25 23
S 25 22
S 55 17
S 77 58
S 76 44
S 61 89
S 89 79
S 54 74
S 30 9
S 35 12
S 27 64
S 77 46
S 70 35
S 85 9
S 1 86
S 81 60
S 9 76
S 22 45
S 58 38
S 12 42
S 81 73
S 84 28
S 54 46
S 35 34
S 67 34
S 21 61
S 10 59
S 27 64
S 11 65
S 34 67
S 84 37
S 74 57
S 89 49
S 32 46
S 5 19
S 57 76
S 17 84
S 22 19
S 48 17
S 90 39
S 8 12
S 78 27
S 70 48
S 87 1
S 29 88
S 80 19
S 59 61
S 33 57
S 56 65
S 17 19
S 69 66
S 31 52
S 11 61
S 72 34
S 27 78
S 40 11
S 3 16
S 21 11
S 51 55
S 52 31
S 68 18
S 24 61
S 61 11
S 71 35
S 4 66
S 39 7
S 62 86
S 55 17
S 38 21
S 79 82
S 27 41
S 89 43
S 83 84
S 51 55
S 57 45
S 23 87
S 53 83
S 35 41
S 25 79
S 65 56
S 11 86
S 70 22
S 28 84
S 5 32
S 58 44
S 5 2
S 87 80
S 75 63
S 78 89
S 82 42
S 33 63
S 34 41
S 89 65
S 6 48
S 5 68
S 28 18
S 63 59
S 67 82
S 4 66
S 90 14
S 23 38
S 48 72
S 88 58
S 64 85
S 56 74
S 65 74
S 70 35
S 72 48
S 59 62
S 3 60
S 58 2
S 15 44
S 51 14
S 63 51
S 67 82
S 39 76
S 11 59
S 11 22
S 35 75
S 64 86
S 24 89
S 52 31
S 25 24
S 85 34
S 57 26
S 59 63
S 83 57
S 45 26
S 86 5
S 46 40
S 23 40
S 11 59
S 72 54
S 6 68
S 84 21
S 40 18
S 45 38
S 70 49
S 90 5
S 25 87
S 18 88
S 65 15
S 24 25
S 45 57
S 42 12
S 40 11
S 19 69
S 88 8
S 75 15
S 54 84
S 68 59
S 62 61
S 82 18
S 31 45
S 33 57
S 3 12
S 56 65
S 59 61
S 65 36
S 3 16
S 49 48
S 76 39
S 38 46
S 41 58
S 65 53
S 35 41
S 65 11
S 83 11
S 90 11
S 23 49
S 22 81
S 83 64
S 12 60
S 46 54
S 88 46
S 52 16
S 58 77
S 7 23
S 19 63
S 39 75
S 3 12
S 86 47
S 39 69
S 32 54
S 72 1
S 22 25
S 8 90
S 18 22
S 80 87
S 47 24
S 67 28
S 23 21
S 6 31
S 89 79
S 25 20
S 45 37
S 19 82
S 42 26
S 49 8
S 74 56
S 16 8
S 25 24
S 30 47
S 59 68
S 68 7
S 70 46
S 22 37
S 87 63
S 84 12
S 64 27
S 28 83
S 62 31
S 73 74
S 61 29
S 43 24
S 84 12
S 23 7
S 88 18
S 40 58
S 77 10
S 59 35
S 83 4
S 16 8
S 70 61
S 85 42
S 89 30
S 67 87
S 52 80
S 8 90
S 30 24
S 5 48
S 57 26
S 17 48
S 83 54
S 21 53
S 41 35
S 5 48
S 84 57
S 77 10
S 20 62
S 50 46
S 69 90
S 71 84
S 50 65
S 4 90
S 18 79
S 68 54
S 87 45
S 88 46
S 72 42
S 20 88
S 8 88
S 9 62
S 90 9
S 64 27
S 10 54
S 55 53
S 13 14
S 34 51
S 18 31
S 90 8
S 45 26
S 1 87
S 56 32
S 62 20
S 82 19
S 54 84
S 23 7
S 7 24
S 85 84
S 19 16
S 11 53
S 78 68
S 31 45
S 25 79
S 13 52
S 58 77
S 24 25
S 32 54
S 19 48
S 7 6
S 49 73
S 55 8
S 1 64
S 42 63
S 59 48
S 89 21
S 84 89
S 36 20
S 80 19
S 11 53
S 89 28
S 39 75
S 85 64
S 42 85
S 37 71
S 16 8
S 37 35
S 87 6
S 83 11
S 15 85
S 79 56
S 7 23
S 16 4
S 24 84
S 83 47
S 19 82
S 48 88
S 87 45
S 66 4
S 82 69
S 23 7
S 84 87
S 4 34
S 70 49
S 75 35
S 17 4
S 63 43
S 35 30
S 58 40
S 85 90
S 59 48
S 75 87
S 48 27
S 84 89
S 62 20
S 43 61
S 65 74
S 31 62
S 22 47
S 27 48
S 66 59
S 18 90
S 28 67
S 54 83
S 56 65
S 14 13
S 39 28
S 61 86
S 89 77
S 51 56
S 28 17
S 74 18
S 26 57
S 17 74
S 60 48
S 90 8
S 70 61
S 81 88
S 6 55
S 76 10
S 17 63
S 64 27
S 30 35
S 25 44
S 87 25
S 6 31
S 52 21
S 44 66
S 45 74
S 48 42
S 6 87
S 72 42
S 79 85
S 46 40
S 82 57
S 41 52
S 65 89
S 9 45
S 7 65
S 72 63
S 86 38
S 85 88
S 25 2
S 12 8
S 84 43
S 69 90
S 31 6
S 49 48
S 88 56
S 45 38
S 24 89
S 6 14
S 76 57
S 47 85
S 8 44
S 87 25
S 61 63
S 79 43
S 28 42
S 38 9
S 48 27
S 17 21
S 64 15
S 77 9
S 74 57
S 72 42
S 52 41
S 61 43
S 77 46
S 55 17
S 13 75
S 68 46
S 50 6
S 46 77
S 82 89
S 47 86
S 21 50
S 22 11
S 90 11
S 21 61
S 39 75
S 79 6
S 78 11
S 35 41
S 8 65
S 16 4
S 76 73
S 11 57
S 57 45
S 73 76
S 76 39
S 58 45
S 35 59
S 72 51
S 70 19
S 25 22
S 8 88
S 78 59
S 66 59
S 47 59
S 35 84
S 2 25
S 64 27
S 85 15
S 57 84
S 67 88
S 8 5
S 1 88
S 76 10
S 13 75
S 69 43
S 82 19
S 28 63
S 72 1
S 11 57
S 69 43
S 5 55
S 34 72
S 5 86
S 90 17
S 39 13
S 29 61
S 31 53
S 25 2
S 24 89
S 4 90
S 28 17
S 32 46
S 24 61
S 6 55
S 68 40
S 52 12
S 65 17
S 89 84
S 19 22
S 65 11
S 37 30
S 68 59
S 82 88
S 61 76
S 25 20
S 69 56
S 56 69
S 11 78
S 40 68
S 82 19
S 51 86
S 46 40
S 17 48
S 81 82
S 86 68
S 22 87
S 15 64
S 43 79
S 57 84
S 75 15
S 34 85
