70 533 2665
80 0 6 12 2 99 20 45 86 15 87 9 56 64 29 89 28 96 51 65 8 75 71 34 72 82 78 73 24 1 23 55 17 77 52 90 14 27 26 61 98 92 69 48 59 31 53 84 66 83 5 10 3 13 57 42 93 40 44 67 37 4 50 62 63 25 38 60 79 88
44 33
25 5
35 69
59 60
38 24
57 4
49 43
14 69
48 23
20 27
2 11
61 66
44 60
30 55
22 47
37 50
68 56
48 59
60 70
2 56
20 39
45 39
38 64
14 24
28 47
48 46
27 42
69 53
24 69
57 64
68 38
50 23
15 9
65 2
16 56
48 51
10 36
27 41
49 51
7 16
65 31
63 51
11 1
65 41
28 58
32 12
54 11
54 69
7 34
30 59
68 10
68 70
38 53
29 12
38 11
63 27
45 34
28 67
45 41
11 59
65 50
25 49
15 23
26 67
57 6
63 70
47 6
57 20
65 14
54 58
55 31
44 39
55 59
20 18
58 39
66 31
11 52
7 52
13 69
64 11
2 17
20 56
57 32
48 29
33 36
37 4
15 67
46 52
17 16
49 52
49 14
15 32
43 59
36 60
19 55
40 29
65 69
50 9
15 34
49 30
26 21
17 24
8 60
25 52
49 27
37 54
32 67
20 38
1 41
8 38
38 54
10 47
63 49
61 49
24 70
57 35
38 67
63 57
52 69
19 41
50 6
2 48
14 5
24 47
11 34
54 53
38 31
44 12
54 36
50 10
17 28
7 6
24 36
61 22
4 9
42 51
49 31
33 50
50 18
61 45
23 28
40 12
57 50
33 9
55 1
23 46
44 40
44 30
13 43
68 49
7 39
57 1
46 36
16 51
23 56
10 51
62 39
35 34
61 52
55 22
8 47
26 69
4 55
61 25
66 52
16 9
32 66
65 4
17 69
61 17
44 47
3 9
11 18
8 39
7 36
44 55
44 41
45 5
58 22
64 70
10 54
65 26
17 31
61 48
40 67
13 47
38 51
67 51
30 5
52 34
41 42
46 70
19 14
44 38
33 18
4 18
38 46
68 28
27 67
55 52
29 34
29 47
24 18
49 45
49 22
22 9
6 51
8 59
49 21
30 52
65 23
13 28
65 28
68 2
30 38
10 6
66 11
44 5
62 59
48 56
48 62
43 42
37 1
2 43
7 10
22 53
54 22
54 56
37 10
2 24
48 18
7 35
68 66
45 21
45 28
7 21
63 47
49 34
67 53
61 70
33 64
4 47
2 9
24 11
20 47
48 38
61 28
25 58
19 33
52 51
19 5
3 58
59 53
61 6
38 35
13 16
30 45
66 70
47 9
28 53
37 67
66 59
33 69
15 1
7 65
20 1
25 4
13 8
14 6
40 58
19 43
61 64
35 52
15 41
30 60
44 18
61 69
17 45
13 33
42 9
35 46
35 27
3 50
38 9
3 64
54 60
57 29
38 55
56 53
25 70
15 30
49 5
68 67
57 42
50 38
53 70
16 5
20 42
38 28
65 38
35 39
14 53
25 43
30 22
48 42
33 54
44 67
4 32
30 10
5 22
57 25
62 24
65 33
43 35
47 60
50 5
13 18
65 70
24 31
25 26
57 43
19 30
17 30
29 10
33 5
49 46
64 36
3 10
37 52
4 27
49 36
8 27
48 15
15 45
35 51
54 21
65 29
30 54
47 36
57 30
2 60
35 54
61 31
20 69
38 60
39 52
4 69
13 64
43 4
57 17
44 66
62 28
66 56
20 51
68 11
18 67
5 51
3 41
57 62
15 24
11 69
39 53
2 20
21 34
43 27
56 67
64 56
48 27
66 58
13 26
46 55
44 8
45 42
61 67
8 67
69 9
63 20
68 46
15 20
22 6
7 15
46 31
20 30
48 66
69 70
15 66
12 11
1 21
24 34
5 27
48 10
44 2
22 51
64 9
45 58
40 53
4 40
38 39
63 64
49 53
7 44
50 21
11 60
13 32
27 6
35 12
61 38
25 28
40 34
11 39
50 42
23 8
40 1
49 65
51 9
37 64
27 21
7 28
35 9
10 56
30 58
68 3
7 59
35 59
16 31
33 48
48 12
12 42
14 47
2 14
3 29
14 22
13 42
40 28
13 2
33 27
67 60
42 53
62 6
23 31
24 22
13 56
23 53
6 70
14 11
14 35
14 70
7 13
49 33
49 39
25 65
40 27
4 26
10 12
64 39
25 50
45 6
49 10
5 11
33 45
44 64
62 70
65 48
19 44
29 52
52 1
27 31
3 37
47 51
32 9
57 46
5 58
6 34
64 6
28 39
25 62
26 60
65 58
3 5
3 66
57 59
48 50
67 36
55 34
15 28
17 58
2 36
10 27
8 56
37 46
13 24
18 70
43 52
54 70
23 27
12 60
22 21
37 23
43 38
2 8
64 54
23 38
13 70
12 6
40 55
5 36
10 58
62 53
48 41
33 52
8 55
7 24
62 20
15 4
33 26
64 59
16 11
32 34
16 26
27 34
27 60
39 60
7 60
45 51
28 70
62 35
44 23
29 70
26 22
23 60
43 5
13 60
5 29
S 61 70
S 6 22
S 25 62
S 44 38
S 15 1
S 24 11
S 3 10
S 9 35
S 35 38
S 33 5
S 68 3
S 24 34
S 53 56
S 63 20
S 57 32
S 34 32
S 55 59
S 45 61
S 22 54
S 39 58
S 22 6
S 9 50
S 61 38
S 16 11
S 17 45
S 40 44
S 51 22
S 52 30
S 14 24
S 47 13
S 58 28
S 32 66
S 13 32
S 69 17
S 54 60
S 29 48
S 7 16
S 3 41
S 28 40
S 58 5
S 15 20
S 60 26
S 55 4
S 51 10
S 48 18
S 24 70
S 69 17
S 48 12
S 59 11
S 61 38
S 38 51
S 33 69
S 7 52
S 51 52
S 10 58
S 23 65
S 7 60
S 36 2
S 60 27
S 27 10
S 45 15
S 26 33
S 40 34
S 1 15
S 9 35
S 39 52
S 25 28
S 62 39
S 7 13
S 48 46
S 67 26
S 24 11
S 62 6
S 7 44
S 8 2
S 43 42
S 69 26
S 56 68
S 29 34
S 60 30
S 8 13
S 29 10
S 66 56
S 69 65
S 40 55
S 47 36
S 27 33
S 55 4
S 42 13
S 43 2
S 50 10
S 49 45
S 65 38
S 35 69
S 57 4
S 29 34
S 49 65
S 2 68
S 2 8
S 4 69
S 9 33
S 58 54
S 67 32
S 57 64
S 38 35
S 21 22
S 29 57
S 38 46
S 45 34
S 25 4
S 7 16
S 69 53
S 69 4
S 8 55
S 15 28
S 70 14
S 36 47
S 65 70
S 3 41
S 13 26
S 38 39
S 60 11
S 31 24
S 37 54
S 35 7
S 66 48
S 29 57
S 49 36
S 45 34
S 12 6
S 48 10
S 59 55
S 22 26
S 60 26
S 64 6
S 2 13
S 37 54
S 67 32
S 20 47
S 57 20
S 31 49
S 28 25
S 52 1
S 42 53
S 70 54
S 64 36
S 59 11
S 67 26
S 15 66
S 13 28
S 18 67
S 40 67
S 34 24
S 44 7
S 44 7
S 42 45
S 51 63
S 12 40
S 17 58
S 59 55
S 27 60
S 34 32
S 41 15
S 65 23
S 36 5
S 43 42
S 13 56
S 50 6
S 38 61
S 59 62
S 29 34
S 64 59
S 11 52
S 48 12
S 39 53
S 5 27
S 13 42
S 50 48
S 9 22
S 31 61
S 60 12
S 32 15
S 9 38
S 5 51
S 27 60
S 20 1
S 23 48
S 57 17
S 29 52
S 57 64
S 55 59
S 13 47
S 17 69
S 26 21
S 5 22
S 50 18
S 38 11
S 7 36
S 36 54
S 43 19
S 38 35
S 15 9
S 45 58
S 38 54
S 25 4
S 9 15
S 21 45
S 48 50
S 43 5
S 33 13
S 57 25
S 50 57
S 70 14
S 4 65
S 29 40
S 67 51
S 65 23
S 15 41
S 28 39
S 36 54
S 18 48
S 40 4
S 54 64
S 16 26
S 61 70
S 10 30
S 4 57
S 9 47
S 41 19
S 31 46
S 36 60
S 42 27
S 56 53
S 6 45
S 14 5
S 70 66
S 44 18
S 10 27
S 63 51
S 60 44
S 48 10
S 38 43
S 33 52
S 66 56
S 35 43
S 67 51
S 67 36
S 1 55
S 70 68
S 48 10
S 9 47
S 65 26
S 28 23
S 27 4
S 29 5
S 50 25
S 65 50
S 37 46
S 38 50
S 48 65
S 30 57
S 8 67
S 39 8
S 50 37
S 67 27
S 70 66
S 49 25
S 16 56
S 46 31
S 68 66
S 67 18
S 66 15
S 13 42
S 8 55
S 53 59
S 9 22
S 61 17
S 23 37
S 31 23
S 11 66
S 38 30
S 57 4
S 44 12
S 68 66
S 43 35
S 27 8
S 21 26
S 49 65
S 59 53
S 26 69
S 7 44
S 37 54
S 25 43
S 33 45
S 20 62
S 58 45
S 63 70
S 22 58
S 1 11
S 55 59
S 13 28
S 20 18
S 25 5
S 70 69
S 20 56
S 27 60
S 68 3
S 1 21
S 15 23
S 9 47
S 60 59
S 63 20
S 35 12
S 9 33
S 10 12
S 56 23
S 3 50
S 64 39
S 22 14
S 22 55
S 6 70
S 52 39
S 44 30
S 28 61
S 31 61
S 10 6
S 48 38
S 49 36
S 61 45
S 5 45
S 41 15
S 59 8
S 37 3
S 62 59
S 53 14
S 67 38
S 66 61
S 70 28
S 52 69
S 21 1
S 11 60
S 53 56
S 11 68
S 44 33
S 15 48
S 20 15
S 35 54
S 67 53
S 11 18
S 59 30
S 13 2
S 44 19
S 48 65
S 52 7
S 18 20
S 33 45
S 35 43
S 15 23
S 65 41
S 20 57
S 44 23
S 64 70
S 38 39
S 7 60
S 4 25
S 43 38
S 35 57
S 33 19
S 19 30
S 49 53
S 8 2
S 17 58
S 26 65
S 61 45
S 6 57
S 18 4
S 34 52
S 13 43
S 62 35
S 60 23
S 35 57
S 55 30
S 39 64
S 29 3
S 56 66
S 5 50
S 50 37
S 5 19
S 27 49
S 52 25
S 52 49
S 9 33
S 9 50
S 20 63
S 27 49
S 11 59
S 15 1
S 32 67
S 30 44
S 57 6
S 7 60
S 41 48
S 66 31
S 27 48
S 68 2
S 43 13
S 38 53
S 4 9
S 56 8
S 22 6
S 50 42
S 20 27
S 27 42
S 15 28
S 11 52
S 55 30
S 20 51
S 12 11
S 36 10
S 55 22
S 21 1
S 6 27
S 36 67
S 58 5
S 64 11
S 18 33
S 12 60
S 17 57
S 57 6
S 41 45
S 54 58
S 38 28
S 7 44
S 62 48
S 11 60
S 44 66
S 28 25
S 22 21
S 27 63
S 70 60
S 38 44
S 42 50
S 18 20
S 28 47
S 38 30
S 12 10
S 2 13
S 29 34
S 70 25
S 29 34
S 52 49
S 34 21
S 21 27
S 31 65
S 10 12
S 12 32
S 10 12
S 57 64
S 62 25
S 66 70
S 25 62
S 24 14
S 12 29
S 67 38
S 50 5
S 27 60
S 40 12
S 41 19
S 23 53
S 54 69
S 6 7
S 33 36
S 28 68
S 38 31
S 60 47
S 31 38
S 55 46
S 17 58
S 18 70
S 24 69
S 31 65
S 37 46
S 38 8
S 4 55
S 40 44
S 39 52
S 61 25
S 13 33
S 11 1
S 27 10
S 50 21
S 52 11
S 49 53
S 70 13
S 69 26
S 10 58
S 10 58
S 49 45
S 63 70
S 56 10
S 48 27
S 41 44
S 21 50
S 70 61
S 53 42
S 27 33
S 62 70
S 1 40
S 47 10
S 34 52
S 28 39
S 54 58
S 14 24
S 20 38
S 2 13
S 16 51
S 18 24
S 11 64
S 43 38
S 11 39
S 27 10
S 65 38
S 48 27
S 39 52
S 41 27
S 44 7
S 55 46
S 6 47
S 68 70
S 11 24
S 30 38
S 41 48
S 9 51
S 36 10
S 52 66
S 33 44
S 51 35
S 15 66
S 31 23
S 51 22
S 54 11
S 45 41
S 70 61
S 42 45
S 69 13
S 64 3
S 6 57
S 12 35
S 49 14
S 5 11
S 43 57
S 16 31
S 11 12
S 6 61
S 24 22
S 11 18
S 29 40
S 30 52
S 41 19
S 67 61
S 30 55
S 49 46
S 55 46
S 64 3
S 9 50
S 9 64
S 51 6
S 49 33
S 61 64
S 61 70
S 33 65
S 45 6
S 14 11
S 48 23
S 56 20
S 4 37
S 70 63
S 50 42
S 10 30
S 61 17
S 51 20
S 16 11
S 36 5
S 41 48
S 1 40
S 39 38
S 64 44
S 24 47
S 38 51
S 65 70
S 10 49
S 45 51
S 44 19
S 69 14
S 26 69
S 33 13
S 14 6
S 30 57
S 61 31
S 37 52
S 47 28
S 45 33
S 41 27
S 66 68
S 67 8
S 55 31
S 62 25
S 60 36
S 31 66
S 35 38
S 19 43
S 39 53
S 57 62
S 49 25
S 40 28
S 18 48
S 36 10
S 31 49
S 13 2
S 43 4
S 37 50
S 22 58
S 70 61
S 21 7
S 60 36
S 62 59
S 43 25
S 49 63
S 41 42
S 18 50
S 14 69
S 28 53
S 46 49
S 16 5
S 36 64
S 13 43
S 61 22
S 25 49
S 46 55
S 33 44
S 4 15
S 9 50
S 25 65
S 50 48
S 32 12
S 54 56
S 51 49
S 39 20
S 11 68
S 46 48
S 8 67
S 28 67
S 37 46
S 7 24
S 51 48
S 70 65
S 64 63
S 17 61
S 70 25
S 55 46
S 50 5
S 2 14
S 46 23
S 16 51
S 48 27
S 59 64
S 10 7
S 53 70
S 56 67
S 60 47
S 51 20
S 64 44
S 44 47
S 27 8
S 1 57
S 12 35
S 51 67
S 65 41
S 18 13
S 51 35
S 48 33
S 52 51
S 67 61
S 22 21
S 28 7
S 54 56
S 32 12
S 27 20
S 55 59
S 3 66
S 55 52
S 10 27
S 33 49
S 46 37
S 65 7
S 4 69
S 45 61
S 65 33
S 51 63
S 38 8
S 47 20
S 45 39
S 29 57
S 11 69
S 10 51
S 44 2
S 21 27
S 69 4
S 26 21
S 14 53
S 20 69
S 61 67
S 15 34
S 50 10
S 55 52
S 35 38
S 3 58
S 11 2
S 59 64
S 45 39
S 64 63
S 68 66
S 36 5
S 58 65
S 22 49
S 28 39
S 3 50
S 45 34
S 13 64
S 7 34
S 39 64
S 9 51
S 66 56
S 49 25
S 22 58
S 48 46
S 13 33
S 54 56
S 61 52
S 49 14
S 24 13
S 6 61
S 26 33
S 53 69
S 8 27
S 16 13
S 37 52
S 35 39
S 28 67
S 2 24
S 2 11
S 10 48
S 62 48
S 9 4
S 15 1
S 28 40
S 33 9
S 42 20
S 16 11
S 38 68
S 49 22
S 6 50
S 67 37
S 25 57
S 64 39
S 27 20
S 55 31
S 38 48
S 33 50
S 36 67
S 27 40
S 43 42
S 34 6
S 55 22
S 26 67
S 57 30
S 49 14
S 29 70
S 35 69
S 55 34
S 38 68
S 52 29
S 48 29
S 59 64
S 16 5
S 42 43
S 2 9
S 14 69
S 41 44
S 48 62
S 67 28
S 60 70
S 70 65
S 18 70
S 66 68
S 44 40
S 30 59
S 7 6
S 69 4
S 50 3
S 6 47
S 53 56
S 13 18
S 66 15
S 49 10
S 34 27
S 70 60
S 30 19
S 9 50
S 27 60
S 9 32
S 28 61
S 59 55
S 64 57
S 34 49
S 53 14
S 38 8
S 34 7
S 5 11
S 10 37
S 26 60
S 21 27
S 37 54
S 60 2
S 24 47
S 8 23
S 67 53
S 57 29
S 39 28
S 20 38
S 19 55
S 7 60
S 64 59
S 26 25
S 28 17
S 51 22
S 32 67
S 55 22
S 10 48
S 33 52
S 61 69
S 14 6
S 50 33
S 31 38
S 13 24
S 14 11
S 28 47
S 56 10
S 28 7
S 69 26
S 15 9
S 2 24
S 7 59
S 53 40
S 39 44
S 58 66
S 8 56
S 67 36
S 29 40
S 19 43
S 20 2
S 55 52
S 69 14
S 20 27
S 69 33
S 12 6
S 5 27
S 24 2
S 3 64
S 22 55
S 22 58
S 52 35
S 7 39
S 7 35
S 61 64
S 33 13
S 64 70
S 65 31
S 5 16
S 44 66
S 70 66
S 10 54
S 7 16
S 40 44
S 8 27
S 2 13
S 4 69
S 38 50
S 23 44
S 13 28
S 59 62
S 11 59
S 69 61
S 49 34
S 15 66
S 3 64
S 10 50
S 5 3
S 43 38
S 30 59
S 55 44
S 38 54
S 11 38
S 47 24
S 42 48
S 2 9
S 60 7
S 26 22
S 47 14
S 60 47
S 5 29
S 24 13
S 3 10
S 70 60
S 28 39
S 13 69
S 32 66
S 66 48
S 12 44
S 64 63
S 66 31
S 47 28
S 9 51
S 69 13
S 51 42
S 28 15
S 31 16
S 64 37
S 48 42
S 21 27
S 57 30
S 36 33
S 10 56
S 61 52
S 67 36
S 42 45
S 52 7
S 51 22
S 17 30
S 54 21
S 1 11
S 8 44
S 38 68
S 20 62
S 56 10
S 65 49
S 14 65
S 28 40
S 44 12
S 32 34
S 26 33
S 2 13
S 67 36
S 56 53
S 48 15
S 25 28
S 55 31
S 22 54
S 28 45
S 20 63
S 32 66
S 18 48
S 57 63
S 27 63
S 48 18
S 27 10
S 37 50
S 67 8
S 24 70
S 65 33
S 55 31
S 38 50
S 23 44
S 31 49
S 36 64
S 33 36
S 39 11
S 48 15
S 67 15
S 45 5
S 69 11
S 7 34
S 6 57
S 13 2
S 24 34
S 57 59
S 64 37
S 56 68
S 60 13
S 41 27
S 7 24
S 10 6
S 16 5
S 49 68
S 26 13
S 55 31
S 41 44
S 64 57
S 50 48
S 64 39
S 52 30
S 33 48
S 11 66
S 57 46
S 59 53
S 44 12
S 64 39
S 33 54
S 38 31
S 22 51
S 55 44
S 23 8
S 34 52
S 52 69
S 60 67
S 10 56
S 57 4
S 65 50
S 49 39
S 64 56
S 37 52
S 5 3
S 43 4
S 35 43
S 53 38
S 30 59
S 7 39
S 56 68
S 30 49
S 33 27
S 44 7
S 1 55
S 64 56
S 43 5
S 1 57
S 37 3
S 60 67
S 3 41
S 22 5
S 31 49
S 42 50
S 18 67
S 33 5
S 17 24
S 40 55
S 54 35
S 1 37
S 41 15
S 60 70
S 30 45
S 24 62
S 48 33
S 23 65
S 24 11
S 7 39
S 68 3
S 59 7
S 42 43
S 43 49
S 43 59
S 15 9
S 49 21
S 69 11
S 29 47
S 24 2
S 52 35
S 43 5
S 10 56
S 35 46
S 18 24
S 6 12
S 64 13
S 45 6
S 57 46
S 62 48
S 63 51
S 28 15
S 9 3
S 3 66
S 70 60
S 13 8
S 20 57
S 49 51
S 57 43
S 69 24
S 43 27
S 20 42
S 45 17
S 36 49
S 46 38
S 70 6
S 51 35
S 16 17
S 62 25
S 33 19
S 24 62
S 16 51
S 14 6
S 27 10
S 31 17
S 2 24
S 60 70
S 29 47
S 62 35
S 57 64
S 68 10
S 28 65
S 43 13
S 9 2
S 22 53
S 42 43
S 37 23
S 64 39
S 42 41
S 46 37
S 20 62
S 1 40
S 36 33
S 67 51
S 2 17
S 28 39
S 9 33
S 10 51
S 66 31
S 43 2
S 33 5
S 25 43
S 58 65
S 11 59
S 59 64
S 51 5
S 30 49
S 6 10
S 44 67
S 65 25
S 31 46
S 9 15
S 48 65
S 7 65
S 27 35
S 17 24
S 33 52
S 6 22
S 59 43
S 23 53
S 50 57
S 52 43
S 17 28
S 51 49
S 4 43
S 52 25
S 49 36
S 67 26
S 4 9
S 64 3
S 21 54
S 45 28
S 47 22
S 62 70
S 65 33
S 13 42
S 66 61
S 68 70
S 67 28
S 39 62
S 11 39
S 43 4
S 2 13
S 70 54
S 56 13
S 58 40
S 48 66
S 6 70
S 24 17
S 2 44
S 10 47
S 29 70
S 12 10
S 2 36
S 37 50
S 36 64
S 14 69
S 66 11
S 6 45
S 23 60
S 9 3
S 11 18
S 14 69
S 67 44
S 38 20
S 22 54
S 3 10
S 49 53
S 53 38
S 22 26
S 70 24
S 52 29
S 24 14
S 10 50
S 41 1
S 64 13
S 54 35
S 43 42
S 14 11
S 24 31
S 26 21
S 41 48
S 39 58
S 9 38
S 25 28
S 12 42
S 23 46
S 34 15
S 60 23
S 7 10
S 62 6
S 5 29
S 36 7
S 33 36
S 38 39
S 19 43
S 37 23
S 67 32
S 57 59
S 1 52
S 28 53
S 63 27
S 36 2
S 32 15
S 11 69
S 38 28
S 53 22
S 2 56
S 66 15
S 19 55
S 10 27
S 20 2
S 22 26
S 53 62
S 20 69
S 57 35
S 60 13
S 38 54
S 9 64
S 4 18
S 31 27
S 6 34
S 31 27
S 7 65
S 49 30
S 34 52
S 67 37
S 28 25
S 29 70
S 6 27
S 29 57
S 40 4
S 20 69
S 27 33
S 60 38
S 13 56
S 56 53
S 25 28
S 42 51
S 54 56
S 52 35
S 27 42
S 44 7
S 5 33
S 35 46
S 39 44
S 13 42
S 54 10
S 49 46
S 69 53
S 46 36
S 50 23
S 60 36
S 26 16
S 39 7
S 63 70
S 24 47
S 27 33
S 18 50
S 28 61
S 5 50
S 27 33
S 25 61
S 8 27
S 58 30
S 70 69
S 40 67
S 40 29
S 43 5
S 50 57
S 10 47
S 16 31
S 38 39
S 15 9
S 35 46
S 9 51
S 14 19
S 53 42
S 18 24
S 48 59
S 15 66
S 52 61
S 54 69
S 45 51
S 50 48
S 14 6
S 47 13
S 56 16
S 8 60
S 64 38
S 43 49
S 27 49
S 69 14
S 35 54
S 43 49
S 69 4
S 25 52
S 38 28
S 44 67
S 22 61
S 37 67
S 28 7
S 36 24
S 49 33
S 20 57
S 28 15
S 14 70
S 67 18
S 6 22
S 24 7
S 60 11
S 30 58
S 4 25
S 22 58
S 48 29
S 6 50
S 37 10
S 48 12
S 64 33
S 6 34
S 68 10
S 65 28
S 50 42
S 60 13
S 69 35
S 49 31
S 69 20
S 17 69
S 5 45
S 38 30
S 30 17
S 59 64
S 18 33
S 40 55
S 14 49
S 67 40
S 44 12
S 56 54
S 55 4
S 37 50
S 37 67
S 52 11
S 52 1
S 50 10
S 57 42
S 20 56
S 68 70
S 17 2
S 10 27
S 30 57
S 60 2
S 26 22
S 32 67
S 33 13
S 63 20
S 60 36
S 28 38
S 13 7
S 52 37
S 15 34
S 61 38
S 54 56
S 41 3
S 36 47
S 4 27
S 55 34
S 6 64
S 42 51
S 1 15
S 17 58
S 49 25
S 24 13
S 51 45
S 55 52
S 49 45
S 13 56
S 35 34
S 14 35
S 3 64
S 69 17
S 68 66
S 38 30
S 28 67
S 27 35
S 54 58
S 66 68
S 24 38
S 11 60
S 5 11
S 14 22
S 14 49
S 51 48
S 67 18
S 60 23
S 60 59
S 62 28
S 47 28
S 67 53
S 23 65
S 11 18
S 61 69
S 28 47
S 37 4
S 3 64
S 24 17
S 35 62
S 54 36
S 62 20
S 60 59
S 38 60
S 35 34
S 25 50
S 38 53
S 67 32
S 56 53
S 57 29
S 11 69
S 28 38
S 60 8
S 35 12
S 47 8
S 22 5
S 39 64
S 45 21
S 30 17
S 8 47
S 41 27
S 56 2
S 66 32
S 11 14
S 10 68
S 31 65
S 5 33
S 52 35
S 54 36
S 48 29
S 43 35
S 46 52
S 15 4
S 68 70
S 15 28
S 36 2
S 13 42
S 54 38
S 46 52
S 2 56
S 32 57
S 16 7
S 59 66
S 27 63
S 56 48
S 17 31
S 31 23
S 34 21
S 44 47
S 28 23
S 1 41
S 44 33
S 31 17
S 39 62
S 67 61
S 37 1
S 30 58
S 47 29
S 9 22
S 5 43
S 22 21
S 28 67
S 59 53
S 19 41
S 42 13
S 41 44
S 8 2
S 55 31
S 40 44
S 19 43
S 54 60
S 58 28
S 19 41
S 33 54
S 17 58
S 5 36
S 22 30
S 49 65
S 65 25
S 57 32
S 11 54
S 35 9
S 55 4
S 68 49
S 25 4
S 48 29
S 30 20
S 53 54
S 70 68
S 15 67
S 49 21
S 68 11
S 31 66
S 10 6
S 20 38
S 70 29
S 2 20
S 60 2
S 44 64
S 50 6
S 41 27
S 62 25
S 22 26
S 45 33
S 21 45
S 36 33
S 37 4
S 68 11
S 8 67
S 16 11
S 6 61
S 38 44
S 24 11
S 13 42
S 41 3
S 10 56
S 66 44
S 3 37
S 13 7
S 37 3
S 11 12
S 32 12
S 56 64
S 12 44
S 59 60
S 6 45
S 33 49
S 19 30
S 29 3
S 31 23
S 35 52
S 56 54
S 59 55
S 24 7
S 56 66
S 10 54
S 13 64
S 69 65
S 58 25
S 44 12
S 28 17
S 2 60
S 60 70
S 44 33
S 62 20
S 27 43
S 46 48
S 23 15
S 38 53
S 35 59
S 43 52
S 69 53
S 60 26
S 9 16
S 35 27
S 53 39
S 24 38
S 34 55
S 28 62
S 31 49
S 68 66
S 65 14
S 29 34
S 52 69
S 48 38
S 38 46
S 25 52
S 11 18
S 23 27
S 25 52
S 70 29
S 4 69
S 45 42
S 24 11
S 33 9
S 27 4
S 59 11
S 51 52
S 66 52
S 36 24
S 44 23
S 65 31
S 67 61
S 6 57
S 70 61
S 61 52
S 57 46
S 53 23
S 51 20
S 8 56
S 63 51
S 27 48
S 41 27
S 30 15
S 55 38
S 26 60
S 23 48
S 60 36
S 34 55
S 5 33
S 31 16
S 15 66
S 44 39
S 69 26
S 31 38
S 27 21
S 42 48
S 59 66
S 19 44
S 35 62
S 60 70
S 52 55
S 38 48
S 52 33
S 8 67
S 52 25
S 65 26
S 33 64
S 27 4
S 61 67
S 51 22
S 34 32
S 52 46
S 41 27
S 56 2
S 52 46
S 8 60
S 10 29
S 62 39
S 57 29
S 5 29
S 15 67
S 55 34
S 8 27
S 1 40
S 54 64
S 54 70
S 60 30
S 38 11
S 30 54
S 52 43
S 46 31
S 61 66
S 28 65
S 13 56
S 41 3
S 28 7
S 51 5
S 60 30
S 56 64
S 29 65
S 13 2
S 69 52
S 61 28
S 10 48
S 5 50
S 38 30
S 4 27
S 36 64
S 64 13
S 12 29
S 70 61
S 7 34
S 66 61
S 24 47
S 34 35
S 66 59
S 54 37
S 9 42
S 45 41
S 57 59
S 44 41
S 8 38
S 7 6
S 43 4
S 28 45
S 37 1
S 56 16
S 10 29
S 61 31
S 55 19
S 35 43
S 32 66
S 2 11
S 42 27
S 70 66
S 43 5
S 36 33
S 17 45
S 30 20
S 67 18
S 24 69
S 1 20
S 7 16
S 39 45
S 9 51
S 38 28
S 46 52
S 36 24
S 33 48
S 57 1
S 61 52
S 44 7
S 66 56
S 15 28
S 16 17
S 35 34
S 13 24
S 5 11
S 22 9
S 12 60
S 38 65
S 39 28
S 64 13
S 40 29
S 64 13
S 30 60
S 17 16
S 15 1
S 32 12
S 46 57
S 54 56
S 55 30
S 48 12
S 37 64
S 54 35
S 5 44
S 60 27
S 47 6
S 60 44
S 3 5
S 21 1
S 60 13
S 5 51
S 53 54
S 24 70
S 48 33
S 40 44
S 12 6
S 43 52
S 28 53
S 38 46
S 2 13
S 5 50
S 9 4
S 67 68
S 23 15
S 43 57
S 48 2
S 9 47
S 32 9
S 20 2
S 23 50
S 43 42
S 36 47
S 28 17
S 17 61
S 65 29
S 44 47
S 2 20
S 65 50
S 60 67
S 16 9
S 43 35
S 54 30
S 38 48
S 1 11
S 24 31
S 4 18
S 68 56
S 44 19
S 37 3
S 24 70
S 43 13
S 2 11
S 49 25
S 34 24
S 24 17
S 51 38
S 49 33
S 15 66
S 22 58
S 67 26
S 17 61
S 43 27
S 48 61
S 22 26
S 18 44
S 39 20
S 19 55
S 49 51
S 48 41
S 44 19
S 62 53
S 55 4
S 32 4
S 52 39
S 9 35
S 62 25
S 25 49
S 27 40
S 11 39
S 51 16
S 70 29
S 29 52
S 54 37
S 36 46
S 3 37
S 7 6
S 2 14
S 30 44
S 44 55
S 8 13
S 49 68
S 46 35
S 63 20
S 27 42
S 11 34
S 4 18
S 26 13
S 59 55
S 50 10
S 36 49
S 37 1
S 54 10
S 49 25
S 54 22
S 58 40
S 37 10
S 7 6
S 56 10
S 28 47
S 54 11
S 2 13
S 63 49
S 56 68
S 5 14
S 51 22
S 67 18
S 62 48
S 46 57
S 51 48
S 15 4
S 45 49
S 8 39
S 3 58
S 37 64
S 27 8
S 63 47
S 5 51
S 37 10
S 67 51
S 9 32
S 65 33
S 51 45
S 18 24
S 13 56
S 45 30
S 8 59
S 49 5
S 13 8
S 50 25
S 25 50
S 11 60
S 56 8
S 7 21
S 44 55
S 35 51
S 14 69
S 25 70
S 52 35
S 25 52
S 10 12
S 19 43
S 36 64
S 10 54
S 31 55
S 14 65
S 8 2
S 11 66
S 50 38
S 20 30
S 60 47
S 50 33
S 8 27
S 69 70
S 47 14
S 22 55
S 49 46
S 33 69
S 11 39
S 15 30
S 38 46
S 30 49
S 52 61
S 14 47
S 30 58
S 38 20
S 25 50
S 45 6
S 54 53
S 57 1
S 52 35
S 18 13
S 48 59
S 53 49
S 28 39
S 41 45
S 27 8
S 64 44
S 70 14
S 58 54
S 41 1
S 30 57
S 16 17
S 44 12
S 53 54
S 65 7
S 9 42
S 5 19
S 18 50
S 35 39
S 51 67
S 48 56
S 23 65
S 45 33
S 55 8
S 8 23
S 59 57
S 9 35
S 52 30
S 20 56
S 68 11
S 54 58
S 18 70
S 24 70
S 48 46
S 19 43
S 45 5
S 4 27
S 38 67
S 40 4
S 70 66
S 53 14
S 2 44
S 40 1
S 7 39
S 12 32
S 20 57
S 70 6
S 52 61
S 33 64
S 26 16
S 44 33
S 60 2
S 58 5
S 58 22
S 11 59
S 47 4
S 52 30
S 33 52
S 60 11
S 13 8
S 11 18
S 5 19
S 48 42
S 17 2
S 54 56
S 48 10
S 68 11
S 56 10
S 22 58
S 38 46
S 6 47
S 57 46
S 26 60
S 10 6
S 3 9
S 59 57
S 10 50
S 44 12
S 48 59
S 45 28
S 50 42
S 58 22
S 13 24
S 49 51
S 9 64
S 40 55
S 54 70
S 2 13
S 50 21
S 50 10
S 6 50
S 49 51
S 64 11
S 42 45
S 13 28
S 44 23
S 26 60
S 53 23
S 6 10
S 5 3
S 29 48
S 19 55
S 21 45
S 8 67
S 61 64
S 67 44
S 42 45
S 10 27
S 64 63
S 16 56
S 31 66
S 58 10
S 57 29
S 42 48
S 43 19
S 25 70
S 38 64
S 20 47
S 70 14
S 60 2
S 25 43
S 31 49
S 32 67
S 47 36
S 33 19
S 49 14
S 62 24
S 34 45
S 26 25
S 6 47
S 46 31
S 31 61
S 63 70
S 70 6
S 37 64
S 52 49
S 52 11
S 37 1
S 67 38
S 33 44
S 10 50
S 7 35
S 57 17
S 22 14
S 6 57
S 21 1
S 26 69
S 13 26
S 61 49
S 54 33
S 36 5
S 17 16
S 66 61
S 33 27
S 70 46
S 20 69
S 67 51
S 36 60
S 47 51
S 44 55
S 53 54
S 23 46
S 46 31
S 35 46
S 53 62
S 21 50
S 53 39
S 52 29
S 61 22
S 65 48
S 34 45
S 14 35
S 48 33
S 24 13
S 59 30
S 64 6
S 47 22
S 62 20
S 49 61
S 40 55
S 2 14
S 14 24
S 7 65
S 64 36
S 51 10
S 44 12
S 33 54
S 11 60
S 25 49
S 67 28
S 28 61
S 2 36
S 13 42
S 13 2
S 14 49
S 45 6
S 28 68
S 15 67
S 51 49
S 1 41
S 7 10
S 28 65
S 28 67
S 52 7
S 11 69
S 55 31
S 48 46
S 49 25
S 52 69
S 64 56
S 21 1
S 4 9
S 6 34
S 17 28
S 55 31
S 24 69
S 35 59
S 28 67
S 61 52
S 54 69
S 16 5
S 48 12
S 34 49
S 4 47
S 22 9
S 46 23
S 28 58
S 61 64
S 27 63
S 11 54
S 8 39
S 4 26
S 29 40
S 5 45
S 1 57
S 19 30
S 27 63
S 60 2
S 66 59
S 61 70
S 29 70
S 52 1
S 60 30
S 66 11
S 19 33
S 33 54
S 32 13
S 18 67
S 39 8
S 54 58
S 2 14
S 28 17
S 70 62
S 42 53
S 35 57
S 56 10
S 29 12
S 53 23
S 6 64
S 1 11
S 6 7
S 69 26
S 37 50
S 70 25
S 27 35
S 44 7
S 38 39
S 69 35
S 21 50
S 27 21
S 64 33
S 2 13
S 42 20
S 7 24
S 62 28
S 33 64
S 19 5
S 49 53
S 58 28
S 56 8
S 56 10
S 70 63
S 14 2
S 22 14
S 28 25
S 29 3
S 54 64
S 55 34
S 27 10
S 57 59
S 56 13
S 11 66
S 13 60
S 46 36
S 54 21
S 15 20
S 50 42
S 16 51
S 19 33
S 10 12
S 15 20
S 22 55
S 33 48
S 58 65
S 20 63
S 50 38
S 27 20
S 48 61
S 30 22
S 48 66
S 42 45
S 57 17
S 48 27
S 65 69
S 6 61
S 69 4
S 66 15
S 7 10
S 33 5
S 34 15
S 60 30
S 59 60
S 70 64
S 22 47
S 29 48
S 48 56
S 1 57
S 53 56
S 37 3
S 34 55
S 33 48
S 54 70
S 9 3
S 19 30
S 59 55
S 66 52
S 1 40
S 68 67
S 23 48
S 16 5
S 48 27
S 49 51
S 47 36
S 36 5
S 32 9
S 44 23
S 10 58
S 30 44
S 20 30
S 51 49
S 1 40
S 23 48
S 4 65
S 5 51
S 43 49
S 31 66
S 47 4
S 30 10
S 68 66
S 2 56
S 70 68
S 48 12
S 27 10
S 10 56
S 10 58
S 68 10
S 5 58
S 43 49
S 8 44
S 56 64
S 56 13
S 60 26
S 29 70
S 54 38
S 28 45
S 57 1
S 31 16
S 2 48
S 37 10
S 54 36
S 1 15
S 27 43
S 35 59
S 50 48
S 46 55
S 13 7
S 69 24
S 34 52
S 37 50
S 38 61
S 59 64
S 52 7
S 28 7
S 23 44
S 64 56
S 53 56
S 27 60
S 34 55
S 11 24
S 62 28
S 8 39
S 53 59
S 66 15
S 44 60
S 5 16
S 2 9
S 50 33
S 9 69
S 67 36
S 67 53
S 53 62
S 2 8
S 47 36
S 2 48
S 53 38
S 63 49
S 33 5
S 5 49
S 8 39
S 11 60
S 14 49
S 67 53
S 48 27
S 20 15
S 25 61
S 27 35
S 20 42
S 43 4
S 33 52
S 40 12
S 37 52
S 69 54
S 40 1
S 58 25
S 31 66
S 4 55
S 37 4
S 27 20
S 20 38
S 24 47
S 54 36
S 7 34
S 38 23
S 21 49
S 15 48
S 14 24
S 4 9
S 56 48
S 5 29
S 49 31
S 33 13
S 31 16
S 4 69
S 64 13
S 36 67
S 49 39
S 7 16
S 10 54
S 64 56
S 54 70
S 6 45
S 48 61
S 46 38
S 8 38
S 36 7
S 5 43
S 11 59
S 34 7
S 41 1
S 36 24
S 43 19
S 26 16
S 6 57
S 23 53
S 44 30
S 16 17
S 23 38
S 6 47
S 54 10
S 38 20
S 2 48
S 40 29
S 11 16
S 60 38
S 25 52
S 49 27
S 34 6
S 28 25
S 70 60
S 59 62
S 28 7
S 13 43
S 36 67
S 43 19
S 37 46
S 24 47
S 33 45
S 61 22
S 34 35
S 48 12
S 58 25
S 44 67
S 9 16
S 20 18
S 28 39
S 68 56
S 64 63
S 16 11
S 57 46
S 17 28
S 30 49
S 13 28
S 29 70
S 58 3
S 40 44
S 58 30
S 30 10
S 11 60
S 28 38
S 33 44
S 68 67
S 47 6
S 2 17
S 58 25
S 25 65
S 6 14
S 30 45
S 24 14
S 30 58
S 26 13
S 36 47
S 38 44
S 62 20
S 19 41
S 65 25
S 32 15
S 51 48
S 61 69
S 45 51
S 15 7
S 6 70
S 4 18
S 56 23
S 13 43
S 4 26
S 34 40
S 31 17
S 70 29
S 39 49
S 12 29
S 42 41
S 1 37
S 15 32
S 38 23
S 1 15
S 34 27
S 32 57
S 36 54
S 36 67
S 26 22
S 14 24
S 22 26
S 52 55
S 43 52
S 68 10
S 28 45
S 35 7
S 54 36
S 56 20
S 34 45
S 23 53
S 12 35
S 11 64
S 57 32
S 40 34
S 20 69
S 1 37
S 56 20
S 40 12
S 57 64
S 10 30
S 11 60
S 9 51
S 56 20
S 4 65
S 36 10
S 10 58
S 24 70
S 52 55
S 63 27
S 23 15
S 4 9
S 37 23
S 42 57
S 22 55
S 16 56
S 57 29
S 23 65
S 17 16
S 40 29
S 22 47
S 9 69
S 6 27
S 14 70
S 45 21
S 47 9
S 54 35
S 30 55
S 60 70
S 13 24
S 28 67
S 28 39
S 65 49
S 19 30
S 15 48
S 37 1
S 35 51
S 64 11
S 11 24
S 2 56
S 65 31
S 28 23
S 12 11
S 42 50
S 32 66
S 5 14
S 57 50
S 61 67
S 62 53
S 9 51
S 46 57
S 64 33
S 57 17
S 11 18
S 39 64
S 35 46
S 12 11
S 67 44
S 44 64
S 7 59
S 46 70
S 51 10
S 48 27
S 33 5
S 46 36
S 29 10
S 29 57
S 13 42
S 19 43
S 20 42
S 42 9
S 41 27
S 22 6
S 26 22
S 1 41
S 25 57
S 62 35
S 64 36
S 35 52
S 46 38
S 22 30
S 38 11
S 41 42
S 60 39
S 62 59
S 29 52
S 30 15
S 15 48
S 60 23
S 34 32
S 18 24
S 3 5
S 35 12
S 36 54
S 20 39
S 39 8
S 33 54
S 48 38
S 56 67
S 9 32
S 59 66
S 38 28
S 37 4
S 48 33
S 30 58
S 32 57
S 57 64
S 52 29
S 47 10
S 49 36
S 28 58
S 10 51
S 47 14
S 70 65
S 11 16
S 14 5
S 53 56
S 7 36
S 57 62
S 34 7
S 65 69
S 33 9
S 15 34
S 59 11
S 26 65
S 26 16
S 68 66
S 67 15
S 34 49
S 66 32
S 65 49
S 53 69
S 17 58
S 58 10
S 40 27
S 56 13
S 48 65
S 68 10
S 15 24
S 51 63
S 57 59
S 40 27
S 31 61
S 44 67
S 28 39
S 30 38
S 35 14
S 16 17
S 62 6
S 16 31
S 23 37
