40 298 1490
46 19 18 83 68 69 17 70 95 73 99 29 75 16 84 94 81 39 12 26 89 45 98 36 91 41 56 96 0 13 4 1 62 47 10 27 63 60 67 74
35 3
4 12
4 22
36 18
38 29
9 13
1 5
9 30
25 30
17 11
24 6
18 30
14 38
4 25
8 30
14 6
4 5
26 15
17 10
19 37
4 7
27 3
20 10
4 38
19 10
20 40
37 35
17 37
10 28
34 11
38 28
32 20
19 5
26 10
31 7
18 28
36 3
34 24
23 30
19 23
7 6
19 28
32 8
7 5
31 16
34 40
34 15
20 27
9 8
26 2
34 6
9 39
4 30
19 22
18 15
9 10
17 5
34 28
18 37
5 11
17 2
37 12
9 28
26 35
34 33
34 29
32 16
40 8
13 1
39 15
18 27
33 24
26 13
36 22
38 27
4 29
13 27
33 8
35 29
2 22
2 37
19 15
12 24
20 6
33 25
31 39
34 25
27 5
23 1
4 1
26 33
32 5
4 23
19 6
33 30
36 27
22 5
34 21
34 37
14 21
20 25
13 21
4 35
2 24
25 39
13 12
22 30
32 37
19 29
36 10
25 16
7 35
27 15
20 24
38 6
32 2
33 35
36 21
26 27
39 16
9 37
34 17
22 21
5 35
35 6
9 22
36 26
32 3
1 11
4 9
38 8
17 27
20 1
27 6
32 25
36 14
31 6
7 1
21 16
37 3
25 7
23 35
38 39
28 6
34 14
13 16
36 8
10 3
2 1
10 29
27 30
17 39
17 13
13 39
40 6
34 20
8 1
4 11
22 16
36 37
23 18
20 9
25 8
39 28
23 28
19 38
34 22
13 22
13 3
22 29
31 33
37 11
38 1
26 16
3 6
12 3
39 1
36 4
33 40
30 11
32 10
4 15
31 27
25 29
33 16
20 15
33 11
21 11
31 21
26 21
28 24
26 18
32 33
19 7
26 14
25 40
2 21
31 11
10 11
10 12
21 5
18 33
26 17
26 11
36 33
32 40
20 33
15 11
1 6
25 11
25 2
40 7
13 8
13 5
23 24
34 30
40 22
8 7
2 12
8 22
7 11
32 24
36 9
10 1
8 12
23 2
27 21
9 5
23 11
38 24
31 24
16 24
17 29
23 38
37 38
4 24
21 6
32 23
22 11
26 31
26 28
25 1
36 29
17 40
36 13
13 28
13 6
27 12
8 3
31 22
16 29
27 1
18 25
4 17
26 1
14 8
16 11
40 28
23 17
31 29
32 15
20 17
4 31
19 35
34 9
40 16
9 12
32 17
9 29
25 35
17 3
4 39
37 39
13 11
33 1
22 35
28 3
34 31
19 30
33 22
20 28
14 29
37 6
17 22
37 15
16 6
21 15
7 24
14 30
27 10
36 28
5 24
17 25
40 1
40 11
1 35
9 7
14 31
S 33 24
S 6 7
S 26 2
S 4 39
S 7 6
S 39 38
S 29 22
S 40 20
S 28 20
S 9 34
S 5 4
S 30 34
S 16 24
S 11 17
S 17 23
S 2 32
S 13 26
S 27 17
S 28 23
S 28 18
S 5 4
S 33 26
S 39 37
S 12 24
S 13 17
S 38 14
S 9 20
S 15 20
S 4 17
S 38 23
S 34 20
S 37 36
S 24 20
S 28 40
S 32 2
S 18 33
S 30 34
S 10 26
S 38 8
S 22 11
S 40 22
S 20 9
S 16 26
S 8 38
S 26 13
S 12 27
S 36 29
S 36 3
S 1 23
S 7 4
S 14 30
S 25 18
S 34 31
S 8 30
S 39 17
S 34 9
S 20 10
S 39 25
S 10 9
S 11 23
S 5 19
S 4 39
S 1 11
S 9 34
S 24 31
S 27 18
S 33 22
S 21 11
S 24 2
S 30 27
S 30 25
S 24 16
S 29 35
S 27 15
S 11 5
S 15 39
S 4 5
S 16 11
S 28 9
S 22 16
S 1 20
S 36 27
S 8 33
S 1 35
S 16 29
S 38 4
S 9 20
S 39 16
S 26 16
S 26 36
S 18 28
S 36 22
S 28 34
S 5 11
S 31 27
S 25 8
S 18 37
S 34 31
S 16 13
S 16 24
S 14 6
S 19 23
S 15 18
S 32 8
S 32 3
S 27 38
S 40 28
S 5 9
S 36 8
S 2 22
S 37 32
S 35 33
S 19 6
S 33 32
S 27 6
S 23 32
S 10 36
S 20 1
S 27 10
S 1 25
S 23 1
S 5 9
S 28 3
S 30 14
S 28 39
S 18 26
S 19 10
S 30 9
S 10 27
S 36 13
S 29 31
S 22 29
S 26 21
S 19 35
S 34 22
S 29 10
S 29 34
S 26 11
S 29 35
S 24 34
S 6 13
S 9 20
S 35 26
S 4 1
S 31 21
S 5 19
S 16 25
S 35 1
S 16 13
S 2 32
S 1 23
S 10 29
S 34 21
S 11 37
S 8 22
S 39 38
S 27 18
S 38 19
S 30 25
S 33 36
S 26 36
S 1 5
S 40 1
S 26 35
S 29 31
S 3 37
S 22 2
S 21 26
S 36 28
S 8 22
S 19 29
S 8 13
S 9 29
S 14 8
S 31 14
S 17 34
S 2 32
S 32 20
S 28 3
S 21 14
S 32 33
S 27 17
S 40 32
S 20 32
S 15 4
S 19 6
S 32 16
S 20 9
S 10 9
S 8 12
S 31 33
S 10 9
S 7 25
S 1 27
S 33 36
S 36 28
S 39 38
S 40 8
S 37 17
S 34 20
S 27 1
S 27 15
S 8 32
S 35 23
S 11 31
S 20 27
S 20 9
S 36 3
S 19 23
S 8 33
S 31 27
S 37 36
S 35 1
S 36 13
S 25 20
S 3 35
S 13 8
S 15 19
S 39 13
S 9 34
S 38 37
S 8 33
S 2 12
S 30 18
S 11 7
S 29 22
S 4 31
S 10 1
S 39 38
S 21 26
S 22 4
S 2 12
S 16 26
S 22 21
S 6 28
S 27 17
S 8 14
S 29 34
S 8 22
S 6 28
S 18 28
S 17 2
S 40 34
S 21 5
S 19 23
S 22 16
S 33 1
S 33 16
S 1 2
S 18 36
S 36 18
S 39 1
S 37 15
S 3 8
S 37 35
S 17 22
S 10 9
S 7 24
S 39 13
S 1 33
S 35 25
S 11 40
S 13 39
S 34 24
S 4 30
S 8 12
S 1 8
S 24 38
S 26 17
S 22 36
S 8 40
S 31 27
S 28 34
S 32 5
S 25 34
S 26 11
S 18 23
S 16 26
S 32 16
S 23 11
S 14 8
S 15 32
S 21 34
S 31 22
S 40 6
S 3 27
S 33 26
S 20 15
S 29 31
S 23 11
S 8 3
S 8 22
S 11 15
S 34 21
S 25 1
S 11 21
S 32 16
S 25 17
S 28 20
S 25 8
S 2 17
S 36 9
S 29 16
S 13 11
S 39 15
S 23 11
S 28 40
S 16 21
S 11 17
S 28 19
S 17 13
S 11 34
S 30 14
S 19 23
S 5 7
S 3 8
S 1 23
S 37 19
S 16 33
S 16 13
S 11 17
S 21 26
S 1 25
S 36 27
S 9 34
S 1 11
S 10 9
S 6 13
S 37 35
S 9 12
S 13 12
S 7 9
S 34 11
S 22 5
S 31 6
S 13 22
S 39 1
S 20 32
S 21 34
S 16 6
S 39 25
S 26 35
S 9 22
S 18 33
S 37 9
S 34 15
S 9 7
S 33 25
S 36 14
S 13 8
S 34 24
S 5 17
S 23 24
S 20 10
S 28 3
S 17 4
S 25 39
S 13 3
S 7 9
S 37 6
S 34 15
S 30 27
S 4 12
S 9 5
S 1 23
S 5 7
S 6 34
S 35 25
S 2 32
S 24 6
S 38 8
S 13 5
S 32 5
S 5 4
S 33 36
S 35 7
S 38 23
S 40 11
S 25 29
S 27 1
S 32 5
S 1 6
S 22 8
S 18 28
S 19 38
S 22 30
S 35 26
S 18 23
S 13 39
S 23 30
S 36 29
S 37 18
S 2 17
S 23 24
S 36 26
S 22 35
S 37 6
S 16 33
S 39 17
S 13 17
S 7 8
S 22 35
S 10 3
S 26 21
S 38 6
S 8 1
S 18 33
S 6 35
S 32 2
S 23 38
S 3 28
S 40 33
S 24 32
S 30 33
S 31 34
S 10 26
S 27 26
S 24 12
S 14 30
S 26 1
S 4 11
S 13 17
S 2 12
S 12 37
S 24 31
S 4 38
S 29 36
S 15 34
S 21 16
S 37 39
S 21 14
S 26 17
S 19 23
S 16 13
S 30 14
S 26 35
S 39 13
S 19 29
S 14 26
S 27 6
S 34 17
S 7 40
S 21 16
S 30 9
S 20 33
S 15 4
S 35 26
S 11 7
S 37 15
S 9 5
S 30 4
S 16 29
S 22 13
S 22 13
S 34 25
S 25 20
S 32 3
S 33 1
S 5 24
S 17 11
S 21 13
S 10 29
S 31 4
S 26 21
S 34 24
S 6 14
S 38 4
S 33 11
S 37 19
S 27 6
S 29 4
S 25 20
S 14 26
S 9 7
S 22 4
S 17 20
S 31 34
S 25 32
S 40 28
S 26 31
S 27 38
S 26 13
S 14 34
S 21 16
S 20 9
S 24 23
S 1 27
S 15 20
S 24 7
S 2 23
S 11 22
S 20 40
S 38 27
S 31 14
S 31 33
S 18 15
S 9 20
S 12 27
S 7 35
S 26 35
S 13 3
S 23 38
S 30 33
S 8 12
S 27 31
S 26 28
S 35 23
S 4 29
S 27 26
S 6 37
S 13 36
S 25 40
S 11 10
S 6 3
S 17 20
S 37 32
S 20 15
S 11 5
S 1 4
S 33 34
S 32 37
S 25 20
S 1 33
S 13 26
S 32 17
S 26 17
S 31 4
S 39 1
S 25 4
S 31 27
S 38 39
S 21 36
S 34 22
S 21 5
S 30 9
S 21 22
S 31 24
S 27 3
S 23 32
S 36 29
S 3 35
S 16 6
S 40 20
S 28 13
S 38 28
S 14 8
S 10 26
S 33 8
S 25 8
S 1 23
S 11 7
S 14 34
S 37 32
S 21 6
S 11 40
S 38 19
S 37 9
S 26 33
S 4 12
S 13 28
S 19 37
S 9 4
S 36 21
S 31 26
S 10 17
S 1 11
S 34 9
S 23 17
S 39 16
S 1 38
S 17 27
S 34 30
S 1 2
S 1 27
S 28 26
S 2 12
S 6 13
S 29 36
S 8 22
S 19 6
S 29 9
S 4 25
S 37 6
S 1 33
S 29 10
S 8 30
S 33 36
S 35 33
S 29 31
S 3 35
S 10 1
S 17 4
S 39 31
S 16 22
S 26 28
S 9 34
S 17 37
S 13 3
S 7 24
S 30 23
S 16 6
S 17 37
S 34 15
S 20 28
S 9 8
S 19 28
S 20 34
S 6 27
S 20 6
S 30 34
S 20 34
S 25 39
S 21 22
S 5 32
S 17 34
S 8 22
S 21 27
S 33 22
S 34 20
S 8 36
S 39 4
S 37 36
S 1 7
S 34 24
S 22 21
S 30 11
S 11 22
S 21 16
S 30 19
S 27 17
S 33 24
S 31 39
S 7 40
S 11 23
S 6 35
S 37 18
S 30 25
S 29 31
S 28 40
S 36 37
S 27 20
S 20 24
S 31 6
S 1 7
S 33 8
S 8 9
S 28 26
S 30 34
S 27 13
S 34 24
S 19 28
S 40 34
S 39 16
S 1 11
S 30 18
S 21 2
S 37 2
S 37 15
S 37 34
S 37 19
S 30 9
S 37 11
S 15 18
S 35 33
S 27 26
S 9 34
S 8 12
S 1 2
S 29 9
S 21 31
S 25 20
S 33 36
S 8 30
S 37 2
S 31 7
S 12 8
S 34 30
S 26 11
S 17 13
S 37 11
S 15 19
S 11 37
S 30 4
S 27 18
S 25 35
S 16 25
S 37 12
S 9 29
S 23 38
S 18 25
S 9 28
S 4 25
S 16 25
S 10 17
S 11 17
S 2 24
S 26 11
S 31 39
S 12 2
S 27 10
S 33 20
S 33 34
S 13 5
S 14 38
S 28 3
S 36 21
S 8 7
S 28 23
S 31 33
S 38 24
S 27 36
S 21 16
S 36 10
S 21 14
S 34 40
S 14 34
S 2 1
S 2 21
S 16 32
S 2 17
S 35 19
S 7 9
S 5 21
S 8 9
S 20 9
S 4 5
S 8 36
S 32 33
S 30 27
S 5 4
S 5 24
S 17 23
S 22 9
S 21 26
S 20 32
S 12 2
S 11 26
S 1 20
S 16 22
S 26 14
S 2 22
S 11 17
S 11 34
S 9 39
S 3 8
S 19 35
S 25 16
S 27 5
S 35 33
S 7 9
S 19 23
S 37 3
S 9 10
S 18 37
S 22 8
S 34 31
S 18 36
S 40 22
S 25 7
S 29 25
S 31 26
S 13 8
S 37 3
S 38 37
S 16 6
S 2 32
S 3 13
S 8 22
S 17 4
S 17 13
S 40 34
S 37 12
S 31 33
S 30 19
S 6 16
S 30 23
S 20 9
S 40 6
S 34 15
S 22 16
S 9 29
S 13 21
S 8 38
S 37 35
S 15 27
S 27 20
S 35 1
S 40 6
S 35 22
S 36 28
S 9 13
S 23 4
S 32 20
S 20 40
S 31 14
S 2 21
S 24 38
S 32 40
S 13 26
S 30 4
S 5 1
S 30 27
S 31 27
S 40 20
S 5 11
S 4 23
S 33 16
S 1 8
S 6 1
S 17 20
S 27 31
S 7 40
S 33 8
S 40 17
S 13 12
S 22 8
S 11 13
S 34 6
S 13 22
S 15 37
S 25 35
S 25 33
S 24 31
S 32 20
S 34 29
S 24 4
S 37 6
S 36 28
S 29 14
S 24 28
S 23 18
S 6 35
S 23 24
S 39 31
S 11 34
S 37 9
S 25 16
S 30 23
S 24 6
S 24 33
S 9 30
S 40 32
S 16 39
S 20 27
S 23 11
S 39 25
S 5 35
S 13 26
S 20 10
S 32 3
S 31 22
S 35 29
S 7 25
S 18 28
S 8 40
S 20 24
S 9 28
S 2 17
S 11 1
S 11 1
S 12 4
S 39 28
S 10 32
S 6 19
S 31 22
S 6 13
S 40 22
S 4 12
S 10 26
S 1 27
S 15 20
S 15 39
S 25 18
S 6 21
S 18 28
S 34 22
S 20 24
S 27 18
S 39 38
S 28 9
S 23 2
S 11 16
S 5 27
S 28 40
S 37 39
S 24 4
S 8 38
S 19 6
S 5 27
S 15 27
S 25 18
S 36 27
S 13 28
S 12 3
S 1 7
S 35 23
S 39 31
S 33 1
S 8 1
S 2 26
S 30 11
S 13 39
S 28 38
S 27 17
S 10 19
S 37 36
S 4 24
S 17 2
S 22 5
S 39 37
S 27 12
S 23 18
S 37 17
S 25 8
S 39 31
S 34 40
S 16 26
S 16 39
S 11 25
S 36 33
S 29 19
S 8 9
S 10 32
S 25 20
S 31 4
S 1 35
S 13 27
S 18 30
S 31 39
S 5 27
S 33 8
S 4 31
S 26 21
S 17 29
S 22 17
S 31 21
S 10 3
S 13 21
S 2 23
S 10 1
S 34 21
S 26 13
S 13 6
S 20 10
S 4 7
S 38 39
S 32 8
S 4 24
S 26 27
S 18 30
S 19 15
S 24 7
S 26 16
S 33 34
S 24 32
S 12 4
S 15 19
S 39 17
S 4 17
S 3 13
S 30 23
S 34 9
S 18 30
S 14 8
S 11 15
S 36 4
S 6 34
S 9 28
S 4 24
S 24 4
S 11 30
S 16 32
S 37 38
S 26 21
S 39 37
S 32 5
S 24 23
S 25 39
S 31 26
S 34 21
S 4 39
S 17 32
S 26 31
S 22 21
S 28 10
S 22 17
S 8 30
S 38 37
S 40 28
S 2 1
S 24 2
S 3 13
S 38 1
S 13 21
S 40 20
S 32 8
S 19 29
S 10 3
S 21 26
S 28 9
S 25 8
S 17 13
S 21 5
S 26 2
S 16 11
S 1 5
S 19 6
S 14 34
S 17 11
S 4 11
S 10 32
S 39 17
S 31 14
S 30 19
S 35 25
S 24 7
S 2 25
S 29 36
S 10 19
S 19 10
S 24 31
S 21 2
S 8 33
S 8 33
S 28 18
S 13 16
S 11 4
S 34 29
S 36 27
S 7 31
S 25 2
S 35 5
S 21 5
S 31 6
S 3 13
S 24 7
S 13 3
S 11 15
S 28 39
S 25 20
S 1 39
S 1 5
S 10 3
S 22 4
S 20 40
S 3 28
S 5 11
S 24 6
S 8 13
S 33 8
S 10 12
S 18 15
S 8 40
S 26 17
S 11 4
S 20 9
S 40 25
S 37 19
S 9 12
S 17 5
S 23 28
S 22 5
S 11 26
S 31 26
S 24 7
S 32 10
S 27 21
S 7 1
S 5 19
S 25 11
S 31 27
S 18 30
S 28 23
S 33 11
S 5 19
S 2 23
S 28 13
S 37 12
S 26 16
S 36 13
S 11 23
S 21 15
S 23 35
S 20 15
S 12 4
S 26 11
S 8 40
S 11 4
S 29 9
S 3 13
S 13 36
S 14 29
S 34 6
S 6 20
S 1 40
S 15 21
S 40 8
S 29 38
S 38 39
S 21 2
S 8 1
S 22 16
S 25 20
S 11 33
S 6 31
S 30 9
S 5 4
S 37 2
S 24 6
S 1 5
S 16 31
S 30 4
S 17 37
S 24 28
S 12 2
S 6 20
S 30 34
S 29 4
S 20 34
S 31 7
S 12 3
S 39 13
S 25 40
S 27 15
S 13 22
S 26 36
S 26 10
S 11 23
S 21 34
S 9 4
S 32 16
S 17 2
S 11 31
S 15 11
S 26 14
S 36 14
S 30 33
S 14 29
S 32 10
S 13 16
S 18 25
S 17 3
S 14 38
S 7 9
S 22 33
S 36 14
S 34 31
S 8 14
S 4 30
S 6 1
S 1 25
S 17 3
S 20 40
S 5 22
S 12 27
S 39 9
S 5 4
S 23 17
S 22 36
S 23 35
S 24 4
S 11 25
S 40 8
S 33 34
S 5 22
S 4 5
S 23 28
S 9 8
S 29 35
S 9 34
S 5 19
S 18 33
S 17 22
S 2 24
S 21 27
S 6 28
S 9 12
S 1 10
S 15 37
S 34 9
S 16 39
S 3 35
S 6 24
S 32 10
S 9 13
S 37 12
S 11 23
S 26 2
S 28 13
S 32 20
S 31 6
S 3 6
S 38 14
S 40 1
S 4 39
S 30 33
S 4 5
S 7 5
S 19 7
S 10 11
S 20 27
S 40 11
S 24 20
S 24 33
S 20 6
S 27 15
S 1 10
S 13 27
S 7 11
S 31 24
S 3 6
S 39 38
S 26 14
S 28 39
S 4 31
S 10 17
S 34 33
S 29 31
S 13 28
S 30 14
S 9 29
S 15 34
S 15 39
S 25 30
S 1 11
S 31 22
S 38 4
S 21 16
S 40 17
S 15 26
S 18 33
S 2 37
S 27 21
S 20 32
S 24 32
S 23 19
S 25 40
S 9 13
S 38 37
S 26 16
S 22 34
S 36 3
S 8 3
S 6 19
S 7 4
S 15 4
S 17 39
S 5 24
S 38 39
S 16 21
S 33 18
S 4 38
S 23 24
S 28 39
S 13 36
S 32 2
S 28 9
S 39 28
S 37 36
S 24 4
S 19 10
S 31 26
S 31 26
S 20 33
S 10 26
S 36 14
S 39 28
S 7 8
S 29 10
S 25 16
S 5 21
S 28 34
S 38 39
S 19 38
S 40 8
S 6 35
S 26 31
S 4 1
S 11 33
S 13 26
S 8 9
S 9 4
S 5 1
S 31 24
S 14 29
S 1 20
S 1 2
S 5 4
S 9 10
S 34 20
S 22 29
S 31 29
S 21 14
S 10 3
S 35 33
S 26 14
S 37 39
S 4 35
S 32 24
S 5 32
S 14 36
S 36 18
S 39 4
S 35 23
S 37 32
S 27 21
S 39 28
S 18 33
S 10 26
S 6 14
S 26 17
S 37 6
S 6 14
S 28 6
S 35 5
S 6 27
S 24 16
S 7 11
S 13 16
S 16 33
S 26 18
S 32 25
S 27 20
S 26 2
S 34 9
S 7 4
S 25 39
S 20 6
S 17 39
S 25 18
S 39 4
S 20 17
S 11 40
S 4 11
S 16 25
S 16 25
S 40 6
S 15 39
S 8 33
S 22 34
S 30 18
S 11 33
S 5 19
S 25 33
S 32 10
S 6 16
S 34 30
S 1 39
S 20 10
S 16 31
S 7 40
S 34 30
S 20 33
S 38 14
S 34 30
S 21 26
S 19 30
S 33 8
S 30 14
S 11 25
S 5 19
S 29 16
S 40 16
S 23 4
S 24 7
S 27 12
S 6 3
S 26 27
S 40 28
S 15 20
S 19 7
S 29 4
S 10 20
S 23 2
S 7 25
S 39 9
S 22 13
S 36 10
S 6 27
S 12 4
S 10 12
S 7 35
S 38 28
S 15 11
S 34 29
S 8 40
S 33 34
S 1 25
S 11 15
S 23 24
S 13 9
S 4 29
S 2 21
S 6 16
S 21 13
S 28 18
S 27 36
S 4 30
S 9 39
S 25 2
S 1 26
S 11 1
S 11 37
S 9 7
S 35 29
S 16 6
S 28 39
S 5 7
S 9 28
S 27 6
S 4 9
S 21 13
S 9 5
S 28 26
S 25 40
S 26 16
S 22 34
S 28 6
S 8 12
S 16 39
S 27 6
S 28 23
S 19 5
S 10 28
S 40 22
S 19 10
S 15 4
S 32 24
S 31 21
S 7 24
S 32 24
S 11 13
S 13 36
S 39 16
S 26 21
S 3 32
S 12 9
S 38 29
S 28 38
S 7 9
S 12 13
S 16 29
S 3 32
S 36 14
S 34 9
S 9 37
S 40 34
S 19 10
S 8 14
S 34 21
S 6 35
S 37 2
S 40 7
S 39 17
S 27 6
S 4 1
S 22 35
S 27 1
S 33 22
S 30 23
S 4 5
S 27 18
S 24 32
S 40 33
S 18 37
S 39 13
S 19 37
S 40 32
S 16 13
S 31 21
S 30 19
S 18 37
S 10 20
S 33 32
S 22 9
S 33 16
S 35 3
S 6 7
S 14 31
S 22 36
S 39 38
S 36 10
S 38 37
S 1 20
S 22 21
S 31 22
S 27 1
S 38 37
S 17 22
S 39 37
