50 281 1405
40 86 59 41 12 50 25 47 88 31 20 93 36 60 15 97 17 99 21 57 49 10 68 66 91 92 51 76 35 13 80 27 71 85 2 0 87 55 38 37 33 72 18 11 5 70 98 4 14 8
33 13
26 46
48 12
20 12
44 39
47 17
25 21
50 17
30 39
10 34
23 34
48 43
31 21
1 46
33 47
15 35
42 10
50 20
23 6
2 24
33 24
9 47
28 37
49 17
10 8
10 4
19 4
37 4
11 34
46 9
9 37
18 11
44 17
16 28
31 11
30 8
32 46
32 19
46 47
42 46
42 41
19 16
35 50
14 21
40 11
29 15
29 41
6 12
26 31
32 7
41 21
1 15
32 4
9 4
7 21
50 39
35 3
47 12
24 4
38 15
42 47
25 8
31 12
25 16
42 2
46 44
9 50
13 20
25 12
40 4
15 34
31 20
22 13
11 28
18 50
14 48
24 45
28 20
46 5
1 41
7 50
46 12
42 29
29 36
38 43
27 24
1 31
6 8
26 48
46 10
26 6
25 35
13 41
25 34
42 15
28 12
39 12
23 17
3 5
1 11
40 39
38 41
21 34
31 45
31 25
15 49
13 50
15 21
2 50
7 8
22 17
27 17
43 8
38 37
26 41
18 46
40 48
2 4
23 12
10 48
25 43
13 5
42 40
31 2
35 17
11 45
22 37
13 9
18 48
41 5
43 3
11 36
44 48
42 38
23 7
8 4
6 45
29 1
22 35
30 47
27 4
19 9
38 12
32 31
44 43
41 39
23 16
41 37
30 35
39 20
38 11
27 37
1 30
43 35
24 30
13 47
42 25
30 20
22 20
2 39
36 17
22 4
46 6
33 18
36 12
3 21
18 7
33 31
2 8
38 30
46 3
7 39
38 48
9 27
41 28
48 47
33 44
1 21
43 28
8 20
40 8
7 43
16 21
29 24
3 12
29 46
45 21
44 47
7 24
23 38
6 13
11 44
29 2
39 21
40 46
48 35
23 37
35 28
25 4
6 2
27 5
10 2
32 21
7 38
18 24
42 50
24 17
18 30
23 9
48 28
22 15
1 45
2 21
16 5
35 49
40 21
33 37
27 30
1 37
42 31
38 47
16 41
26 43
14 39
45 4
46 36
49 5
32 10
49 20
18 49
24 21
22 19
27 43
40 45
23 31
49 47
3 20
6 16
10 28
23 25
1 28
49 37
46 45
32 37
19 12
36 5
7 45
11 30
2 37
7 44
22 34
25 3
24 50
39 17
7 40
40 28
48 30
39 28
38 20
34 49
18 43
29 35
14 50
40 31
29 37
28 49
15 30
2 48
13 44
18 31
13 36
12 4
19 27
6 35
3 28
47 5
43 36
1 25
45 37
19 37
18 4
S 20 28
S 30 35
S 16 6
S 25 16
S 47 44
S 12 4
S 23 37
S 12 39
S 9 50
S 48 30
S 30 18
S 15 22
S 23 25
S 46 12
S 39 20
S 13 9
S 21 40
S 10 2
S 6 16
S 42 29
S 18 43
S 38 42
S 31 2
S 17 47
S 8 2
S 20 39
S 12 6
S 23 9
S 12 25
S 21 40
S 50 2
S 31 12
S 13 22
S 28 16
S 46 10
S 18 33
S 10 46
S 15 49
S 28 41
S 43 28
S 1 28
S 35 50
S 48 12
S 36 11
S 42 47
S 21 14
S 24 45
S 19 37
S 5 41
S 13 44
S 22 17
S 48 14
S 6 26
S 20 3
S 46 9
S 25 1
S 28 48
S 48 12
S 15 42
S 7 40
S 32 19
S 23 7
S 19 12
S 17 47
S 44 11
S 45 6
S 36 12
S 44 47
S 41 37
S 27 4
S 37 23
S 30 11
S 20 31
S 23 17
S 18 46
S 17 39
S 1 15
S 23 9
S 31 26
S 43 3
S 11 45
S 48 35
S 49 20
S 39 40
S 48 12
S 23 38
S 40 28
S 21 2
S 40 48
S 12 38
S 23 34
S 50 14
S 48 40
S 47 44
S 46 12
S 39 2
S 48 38
S 28 40
S 23 25
S 12 3
S 12 25
S 31 1
S 38 43
S 50 39
S 25 23
S 47 9
S 45 7
S 33 18
S 3 46
S 10 8
S 22 20
S 44 17
S 14 50
S 24 45
S 29 37
S 46 44
S 23 16
S 5 46
S 37 38
S 39 12
S 7 39
S 21 39
S 32 37
S 27 5
S 16 23
S 12 28
S 32 4
S 11 45
S 39 40
S 39 50
S 17 24
S 4 27
S 28 10
S 35 30
S 27 37
S 37 2
S 28 39
S 21 24
S 13 50
S 31 21
S 40 48
S 35 29
S 45 11
S 30 8
S 44 11
S 32 46
S 44 7
S 46 12
S 29 42
S 22 37
S 1 21
S 32 10
S 25 21
S 39 50
S 10 34
S 22 19
S 12 46
S 1 45
S 39 40
S 48 30
S 4 27
S 34 10
S 49 35
S 50 9
S 45 46
S 26 41
S 46 44
S 2 8
S 5 27
S 5 27
S 41 37
S 49 37
S 35 28
S 23 31
S 45 4
S 49 18
S 15 21
S 30 39
S 39 20
S 49 28
S 12 39
S 14 21
S 25 23
S 40 42
S 41 37
S 45 37
S 49 17
S 21 45
S 46 1
S 23 17
S 27 19
S 43 44
S 11 30
S 49 18
S 18 31
S 12 28
S 27 24
S 41 37
S 37 19
S 1 25
S 32 19
S 10 34
S 47 5
S 44 48
S 22 19
S 41 28
S 47 42
S 47 12
S 17 35
S 3 46
S 29 35
S 36 12
S 47 13
S 41 29
S 17 47
S 25 43
S 17 23
S 37 28
S 47 44
S 14 39
S 30 39
S 23 25
S 28 49
S 24 4
S 41 5
S 45 4
S 20 31
S 50 2
S 29 37
S 18 7
S 46 40
S 29 24
S 20 13
S 40 42
S 7 24
S 26 41
S 40 46
S 32 31
S 37 27
S 24 29
S 13 20
S 21 3
S 2 29
S 1 29
S 22 34
S 42 38
S 47 13
S 49 18
S 38 37
S 26 6
S 31 18
S 49 5
S 1 41
S 43 35
S 20 8
S 47 49
S 9 46
S 23 34
S 17 36
S 3 43
S 1 46
S 37 28
S 43 38
S 25 42
S 37 38
S 50 24
S 31 11
S 2 31
S 46 29
S 5 3
S 28 20
S 19 27
S 11 30
S 8 20
S 19 37
S 6 2
S 3 5
S 20 39
S 49 18
S 12 38
S 12 39
S 5 16
S 30 27
S 39 40
S 15 30
S 23 38
S 12 39
S 12 47
S 50 2
S 38 48
S 6 8
S 1 31
S 37 32
S 5 41
S 11 36
S 42 10
S 33 47
S 31 18
S 28 20
S 12 4
S 18 48
S 26 43
S 16 41
S 37 32
S 29 36
S 44 48
S 20 13
S 48 2
S 21 24
S 35 50
S 1 21
S 38 41
S 25 31
S 37 45
S 1 37
S 27 19
S 11 40
S 47 13
S 31 12
S 15 49
S 42 50
S 38 43
S 35 49
S 2 42
S 2 21
S 18 4
S 39 2
S 12 31
S 23 31
S 5 36
S 37 9
S 2 42
S 32 10
S 18 50
S 48 10
S 6 16
S 5 41
S 44 47
S 3 35
S 6 8
S 12 20
S 44 43
S 21 14
S 48 38
S 32 21
S 21 25
S 19 12
S 48 26
S 8 6
S 21 41
S 34 10
S 47 46
S 12 46
S 33 24
S 1 37
S 30 20
S 5 16
S 6 12
S 18 49
S 36 5
S 18 33
S 6 2
S 43 28
S 12 48
S 42 38
S 39 41
S 45 46
S 13 20
S 21 2
S 43 35
S 35 49
S 4 37
S 10 28
S 47 48
S 29 37
S 41 42
S 16 19
S 31 2
S 48 43
S 38 11
S 47 42
S 7 23
S 9 46
S 5 27
S 39 17
S 7 8
S 45 21
S 5 41
S 49 18
S 47 9
S 23 17
S 28 37
S 12 19
S 41 5
S 32 19
S 41 39
S 18 43
S 50 35
S 31 25
S 9 47
S 24 50
S 40 48
S 7 40
S 22 19
S 24 7
S 32 10
S 26 41
S 34 15
S 36 17
S 41 38
S 46 10
S 29 46
S 30 1
S 17 39
S 21 34
S 11 28
S 32 37
S 43 38
S 27 30
S 29 35
S 5 46
S 39 40
S 49 15
S 15 22
S 48 12
S 23 38
S 33 47
S 27 17
S 31 45
S 45 21
S 17 35
S 27 17
S 8 4
S 25 35
S 6 26
S 10 2
S 21 32
S 29 36
S 48 26
S 45 46
S 46 26
S 49 5
S 37 45
S 24 30
S 1 21
S 40 42
S 35 48
S 12 48
S 21 15
S 19 22
S 25 8
S 26 31
S 44 43
S 22 34
S 1 37
S 11 44
S 31 20
S 18 31
S 49 28
S 25 42
S 31 12
S 27 24
S 4 18
S 31 11
S 36 43
S 35 29
S 2 24
S 13 41
S 37 38
S 15 38
S 6 46
S 32 4
S 33 24
S 21 1
S 28 3
S 1 11
S 13 50
S 35 50
S 31 40
S 20 8
S 10 42
S 38 48
S 2 4
S 17 36
S 30 47
S 49 5
S 39 21
S 23 12
S 30 35
S 30 35
S 6 46
S 2 10
S 28 1
S 21 1
S 3 43
S 40 8
S 42 50
S 9 47
S 50 18
S 24 17
S 17 22
S 4 24
S 47 33
S 25 3
S 24 7
S 13 50
S 21 31
S 26 43
S 47 13
S 23 31
S 1 11
S 20 38
S 13 50
S 31 23
S 8 2
S 5 27
S 41 13
S 48 14
S 28 10
S 17 36
S 32 21
S 28 43
S 36 29
S 39 41
S 31 25
S 17 35
S 47 46
S 29 24
S 44 46
S 50 9
S 50 13
S 9 37
S 30 15
S 10 34
S 10 34
S 16 19
S 8 10
S 44 13
S 40 21
S 21 32
S 50 7
S 11 40
S 18 31
S 3 5
S 48 30
S 30 20
S 24 50
S 1 30
S 12 28
S 16 5
S 45 7
S 20 49
S 19 32
S 13 20
S 47 5
S 50 17
S 39 14
S 21 41
S 43 18
S 20 13
S 7 32
S 45 11
S 27 24
S 29 37
S 15 35
S 31 26
S 13 36
S 11 34
S 45 7
S 14 50
S 16 23
S 46 9
S 10 2
S 10 34
S 44 48
S 48 14
S 45 46
S 18 7
S 5 49
S 42 46
S 40 39
S 41 39
S 45 4
S 36 12
S 1 11
S 10 42
S 6 16
S 41 37
S 40 4
S 7 32
S 1 46
S 32 37
S 31 33
S 2 29
S 25 42
S 1 41
S 31 25
S 9 46
S 10 4
S 1 15
S 16 21
S 4 22
S 12 25
S 1 30
S 25 12
S 30 18
S 18 49
S 48 12
S 9 27
S 50 9
S 31 32
S 29 24
S 1 11
S 37 19
S 25 3
S 26 41
S 16 25
S 34 22
S 17 27
S 35 29
S 14 21
S 6 2
S 11 18
S 5 47
S 3 35
S 20 30
S 48 30
S 42 31
S 50 17
S 40 28
S 25 4
S 40 4
S 15 21
S 28 3
S 49 5
S 2 39
S 36 11
S 37 49
S 33 13
S 43 25
S 46 6
S 32 7
S 25 1
S 1 30
S 9 13
S 28 20
S 42 25
S 15 34
S 3 46
S 47 46
S 4 24
S 2 8
S 6 12
S 25 8
S 16 41
S 48 44
S 50 13
S 43 38
S 38 12
S 18 46
S 1 37
S 15 35
S 35 3
S 38 43
S 9 46
S 41 5
S 37 38
S 16 28
S 18 46
S 21 45
S 50 17
S 31 11
S 20 12
S 37 4
S 40 46
S 19 16
S 33 37
S 6 35
S 31 18
S 22 35
S 4 27
S 30 38
S 33 31
S 34 22
S 48 14
S 29 1
S 25 31
S 15 21
S 24 33
S 45 21
S 43 48
S 15 22
S 35 29
S 21 2
S 25 34
S 28 20
S 37 28
S 39 12
S 28 11
S 5 13
S 20 31
S 24 4
S 30 27
S 2 10
S 36 46
S 3 20
S 43 27
S 20 8
S 30 38
S 20 49
S 5 47
S 35 48
S 17 50
S 48 28
S 7 50
S 16 23
S 45 31
S 24 29
S 6 2
S 46 42
S 21 34
S 28 39
S 30 1
S 21 1
S 41 39
S 25 31
S 12 19
S 20 28
S 23 37
S 49 35
S 4 10
S 46 9
S 31 33
S 14 39
S 28 12
S 19 22
S 25 34
S 12 6
S 46 12
S 15 38
S 38 47
S 32 7
S 30 48
S 17 50
S 49 18
S 8 43
S 23 25
S 7 39
S 46 36
S 37 41
S 37 49
S 29 1
S 17 44
S 11 40
S 33 13
S 35 30
S 49 18
S 9 46
S 44 43
S 28 40
S 22 15
S 33 37
S 47 46
S 19 12
S 31 12
S 11 1
S 36 13
S 7 18
S 37 49
S 17 44
S 46 47
S 39 7
S 32 4
S 39 20
S 11 1
S 16 21
S 50 18
S 37 33
S 43 35
S 8 30
S 8 2
S 32 46
S 46 36
S 22 20
S 29 35
S 37 23
S 4 9
S 7 21
S 10 8
S 13 47
S 37 32
S 4 9
S 50 7
S 4 40
S 2 37
S 43 18
S 28 39
S 41 1
S 19 9
S 37 49
S 39 28
S 4 32
S 18 48
S 37 32
S 46 18
S 47 17
S 21 1
S 46 26
S 48 38
S 25 23
S 27 24
S 24 27
S 21 24
S 43 8
S 8 43
S 42 40
S 26 46
S 4 18
S 31 11
S 27 43
S 34 10
S 3 35
S 28 16
S 28 3
S 7 45
S 26 48
S 11 28
S 27 9
S 39 21
S 25 3
S 27 5
S 4 45
S 21 1
S 44 47
S 3 21
S 46 32
S 37 29
S 12 28
S 12 47
S 28 48
S 4 2
S 6 23
S 31 26
S 6 13
S 31 45
S 19 37
S 38 30
S 45 31
S 45 21
S 50 7
S 22 15
S 1 21
S 48 40
S 48 44
S 29 1
S 49 37
S 45 7
S 29 41
S 11 38
S 6 45
S 10 4
S 23 6
S 30 48
S 6 13
S 46 1
S 31 32
S 25 8
S 46 5
S 19 32
S 45 7
S 38 15
S 20 28
S 31 42
S 9 19
S 12 25
S 12 46
S 37 27
S 2 4
S 34 21
S 15 30
S 24 18
S 29 37
S 38 23
S 6 23
S 42 25
S 47 49
S 11 44
S 31 2
S 37 29
S 30 24
S 10 46
S 26 31
S 30 48
S 6 2
S 18 48
S 12 28
S 4 25
S 41 29
S 28 16
S 45 24
S 37 22
S 44 43
S 47 48
S 11 38
S 35 50
S 31 18
S 47 33
S 25 31
S 8 6
S 30 39
S 24 21
S 33 13
S 8 10
S 35 43
S 8 43
S 3 5
S 42 46
S 5 16
S 21 3
S 12 19
S 37 32
S 19 12
S 12 25
S 31 2
S 7 21
S 46 3
S 42 10
S 28 35
S 8 30
S 19 32
S 23 38
S 48 14
S 15 38
S 15 34
S 6 46
S 2 48
S 29 15
S 20 50
S 47 13
S 2 6
S 9 37
S 6 45
S 22 35
S 5 41
S 47 33
S 5 3
S 34 21
S 24 30
S 14 48
S 2 4
S 36 13
S 22 34
S 42 31
S 45 21
S 43 8
S 38 23
S 47 49
S 28 20
S 12 3
S 49 5
S 28 16
S 49 37
S 16 19
S 4 18
S 49 15
S 13 6
S 33 44
S 13 20
S 21 7
S 24 4
S 8 40
S 16 5
S 30 35
S 2 31
S 19 22
S 29 2
S 42 38
S 7 38
S 7 8
S 29 37
S 4 10
S 19 37
S 39 20
S 8 40
S 48 44
S 21 39
S 47 30
S 18 48
S 35 22
S 27 5
S 47 9
S 8 7
S 24 17
S 46 5
S 37 1
S 13 22
S 25 16
S 16 19
S 39 2
S 39 17
S 35 49
S 30 35
S 32 31
S 2 31
S 35 25
S 33 31
S 5 16
S 15 38
S 30 18
S 4 25
S 23 12
S 44 43
S 34 11
S 23 16
S 47 17
S 4 45
S 30 8
S 34 25
S 23 25
S 8 43
S 45 21
S 6 12
S 21 14
S 27 4
S 8 43
S 32 7
S 24 2
S 19 22
S 43 27
S 23 16
S 34 21
S 50 35
S 39 28
S 46 6
S 15 29
S 1 11
S 22 17
S 10 48
S 19 16
S 1 11
S 23 16
S 23 37
S 1 41
S 44 13
S 47 48
S 13 9
S 41 21
S 1 30
S 20 3
S 16 23
S 50 20
S 45 6
S 25 1
S 12 20
S 34 21
S 5 46
S 4 24
S 48 2
S 42 29
S 21 2
S 21 14
S 22 34
S 11 38
S 50 2
S 13 22
S 17 47
S 8 25
S 5 3
S 25 31
S 18 11
S 34 15
S 23 38
S 21 14
S 4 12
S 17 22
S 33 44
S 27 37
S 6 16
S 44 47
S 3 25
S 4 45
S 10 4
S 30 27
S 20 22
S 48 18
S 29 46
S 8 7
S 24 45
S 31 18
S 34 11
S 30 18
S 34 22
S 45 7
S 29 35
S 19 22
S 6 13
S 25 34
S 6 46
S 2 50
S 21 32
S 36 17
S 17 23
S 21 31
S 40 7
S 29 1
S 33 37
S 1 28
S 47 30
S 12 4
S 37 9
S 9 50
S 46 36
S 31 33
S 31 21
S 9 4
S 12 46
S 48 26
S 5 27
S 23 12
S 42 40
S 26 46
S 1 21
S 38 47
S 23 17
S 37 28
S 2 42
S 2 39
S 13 9
S 4 25
S 50 9
S 4 40
S 50 17
S 14 21
S 24 18
S 31 25
S 31 20
S 49 20
S 38 41
S 9 37
S 43 44
S 12 4
S 9 19
S 50 39
S 13 20
S 2 50
S 37 38
S 31 40
S 21 39
S 21 40
S 34 22
S 45 21
S 41 28
S 37 49
S 37 9
S 44 48
S 16 25
S 22 19
S 20 38
S 32 21
S 5 27
S 28 43
S 14 48
S 13 5
S 21 32
S 8 4
S 15 30
S 21 15
S 47 33
S 45 21
S 5 3
S 29 24
S 50 42
S 50 7
S 45 24
S 13 44
S 38 12
S 1 15
S 25 23
S 16 19
S 41 37
S 28 41
S 41 37
S 12 19
S 34 10
S 50 17
S 1 45
S 25 35
S 39 14
S 16 6
S 43 44
S 14 39
S 21 3
S 44 39
S 17 23
S 33 18
S 22 20
S 30 20
S 27 43
S 43 8
S 5 41
S 42 40
S 24 4
S 23 6
S 29 36
S 16 41
S 48 10
S 8 40
S 43 28
S 27 4
S 46 10
S 27 17
S 21 41
S 44 17
S 31 12
S 4 32
S 45 6
S 30 20
S 47 5
S 39 28
S 20 3
S 7 8
S 33 13
S 26 41
S 13 22
S 42 31
S 24 7
S 49 35
S 20 31
S 50 18
S 43 36
S 1 25
S 35 17
S 6 45
S 30 48
S 30 20
S 27 5
S 21 45
S 44 33
S 31 18
S 31 20
S 44 7
S 32 10
S 20 31
S 9 46
S 3 46
S 50 39
S 39 2
S 32 10
S 34 23
S 1 28
S 30 38
S 24 27
S 28 16
S 28 37
S 43 48
S 6 45
S 48 28
S 9 46
S 15 34
S 45 4
S 2 50
S 20 3
S 38 20
S 18 33
S 16 5
S 12 47
S 12 3
S 49 37
S 19 37
S 42 47
S 19 4
S 22 15
S 26 41
S 23 6
S 7 23
S 48 18
S 25 16
S 12 46
S 39 44
S 31 23
S 21 31
S 38 42
S 29 15
S 4 37
S 37 2
S 48 47
S 24 21
S 38 15
S 30 27
S 43 48
S 21 40
S 24 17
S 23 17
S 19 4
S 27 4
S 20 13
S 35 25
S 19 16
S 21 3
S 2 4
S 24 29
S 48 10
S 11 45
S 17 27
S 21 16
S 43 7
S 23 38
S 43 25
S 30 27
S 48 47
S 2 8
S 25 8
S 15 42
S 25 3
S 16 28
S 18 4
S 41 1
S 50 24
S 42 38
S 4 25
S 45 1
S 15 1
S 48 38
S 28 3
S 38 47
S 19 9
S 27 9
S 15 30
S 45 1
S 48 44
S 21 3
S 50 24
S 18 30
S 25 43
S 30 18
S 35 29
S 19 22
S 48 30
S 34 22
S 50 35
S 42 46
S 13 33
S 29 15
S 49 15
S 7 45
S 50 7
S 4 45
S 45 4
S 1 30
S 41 13
S 13 47
S 27 43
S 7 50
S 19 37
S 37 41
S 18 31
S 50 39
S 22 20
S 7 18
S 18 43
S 46 42
S 46 45
S 27 5
S 50 14
S 6 16
S 47 13
S 21 32
S 17 50
S 37 1
S 50 7
S 23 7
S 24 33
S 27 43
S 1 25
S 22 4
S 4 32
S 4 37
S 31 20
S 48 40
S 15 29
S 32 21
S 39 14
S 45 7
S 5 46
S 46 18
S 9 47
S 15 49
S 11 44
S 43 48
S 8 10
S 28 35
S 19 32
S 5 3
S 3 5
S 48 2
S 37 22
S 30 1
S 46 29
S 11 18
S 30 20
S 44 11
S 5 49
S 39 40
S 24 7
S 43 28
