10 21 105
10 70 59 38 30 89 86 6 78 18
1 3
9 8
9 6
6 7
9 10
4 3
2 4
8 1
8 7
4 7
1 10
4 10
2 1
2 9
6 8
6 4
5 7
1 4
8 10
2 10
3 10
S 8 9
S 4 1
S 10 1
S 3 10
S 8 1
S 4 7
S 8 1
S 1 8
S 6 8
S 2 1
S 4 1
S 10 4
S 1 4
S 10 9
S 10 9
S 7 5
S 1 8
S 3 1
S 10 4
S 9 6
S 4 6
S 7 5
S 6 7
S 10 9
S 10 1
S 9 2
S 4 6
S 10 3
S 4 3
S 4 2
S 1 8
S 3 4
S 1 2
S 1 4
S 1 4
S 4 6
S 10 3
S 8 10
S 8 9
S 2 10
S 6 9
S 8 6
S 4 10
S 8 9
S 6 4
S 10 4
S 4 1
S 9 8
S 5 7
S 9 10
S 4 3
S 2 9
S 1 3
S 10 8
S 10 1
S 10 1
S 4 7
S 9 6
S 7 6
S 7 4
S 2 4
S 8 6
S 1 4
S 4 1
S 1 3
S 7 8
S 5 7
S 7 5
S 4 7
S 5 7
S 2 4
S 4 10
S 10 4
S 8 10
S 2 10
S 2 1
S 4 7
S 1 4
S 7 4
S 3 4
S 2 1
S 4 3
S 4 1
S 4 6
S 10 4
S 10 8
S 10 2
S 2 1
S 8 6
S 9 8
S 8 10
S 8 7
S 2 4
S 7 6
S 8 7
S 10 9
S 7 5
S 4 2
S 8 10
S 9 2
S 8 7
S 10 9
S 7 4
S 10 8
S 1 8
