100 1724 100
24 96 35 90 62 76 89 61 38 8 74 30 57 18 98 12 46 37 14 42 20 7 91 82 15 17 60 55 40 84 69 52 49 65 33 9 29 13 4 71 87 80 58 26 51 39 72 86 64 95 85 3 68 50 43 63 88 59 83 81 34 2 94 53 36 32 66 67 48 27 44 75 45 92 77 56 28 54 73 93 1 10 78 99 97 70 79 41 5 25 16 11 19 21 6 0 22 31 47 23
63 88
5 33
6 38
75 64
37 57
30 25
16 80
22 95
20 19
95 66
84 45
65 38
15 53
84 5
46 38
57 2
43 10
83 86
57 86
1 17
54 77
43 67
45 21
15 23
9 32
56 17
55 5
43 26
94 72
48 45
33 71
6 3
72 36
43 73
43 89
84 46
51 48
37 32
79 24
39 34
16 86
5 10
83 14
81 46
13 78
15 92
95 21
9 49
11 57
11 5
94 1
56 33
78 29
68 25
74 94
9 99
75 23
11 19
54 4
50 2
24 34
66 98
76 34
23 34
13 9
89 30
1 25
42 30
52 72
57 30
37 91
51 83
94 40
82 25
93 91
28 17
75 100
93 57
36 32
8 39
20 60
74 82
70 5
97 58
47 60
96 45
41 21
16 46
12 10
58 1
97 5
76 62
60 32
94 49
70 17
26 3
4 28
44 87
72 24
44 41
44 76
75 18
9 89
56 21
83 27
13 40
26 1
70 39
16 90
87 41
79 77
91 25
11 46
58 66
35 73
96 28
8 59
97 83
90 32
13 14
28 46
8 93
22 61
94 92
11 27
52 9
13 26
33 24
95 72
75 2
85 21
22 87
39 32
95 40
12 19
89 5
19 60
65 80
17 99
74 9
96 92
76 81
48 5
85 34
35 58
31 21
51 87
73 31
1 86
28 3
97 24
52 17
73 28
17 88
97 95
72 67
29 18
65 98
41 80
37 76
74 78
6 42
39 71
42 64
96 19
73 25
73 26
75 25
74 33
35 62
54 79
73 24
6 30
83 88
13 45
44 73
16 82
6 84
64 57
95 80
35 91
58 2
52 100
15 25
93 90
84 79
28 67
3 64
6 63
86 100
85 74
52 81
28 66
55 38
3 53
22 42
24 32
36 33
87 25
35 75
37 43
50 42
81 67
54 69
93 87
81 39
73 66
62 64
35 29
20 14
47 92
32 10
82 69
47 16
82 30
5 71
97 86
51 21
54 49
22 46
89 90
43 71
58 39
5 78
8 69
63 49
76 48
9 53
81 48
37 99
6 57
19 30
92 17
75 10
1 36
98 49
22 47
62 38
11 25
7 27
91 40
11 68
83 33
4 18
35 40
55 19
43 96
80 32
16 38
54 27
37 51
6 33
76 31
57 98
50 53
40 42
7 26
4 12
4 9
37 17
80 86
9 24
50 89
12 14
15 71
82 90
35 7
74 58
98 100
9 63
59 71
64 2
63 32
58 61
11 28
55 28
93 19
55 87
97 99
19 78
9 45
54 66
14 88
33 53
47 17
38 29
28 42
60 2
19 25
42 100
35 79
28 34
47 33
57 34
13 59
27 71
93 66
46 29
30 67
85 61
72 14
73 87
28 25
4 62
23 3
42 34
60 63
1 69
47 19
50 56
68 63
66 29
14 39
35 41
93 5
64 53
62 17
6 74
64 49
77 49
93 53
89 18
87 27
88 67
15 95
4 45
15 61
52 60
94 88
11 92
70 69
41 78
6 17
54 89
12 5
55 46
22 2
33 39
8 80
37 69
45 39
35 43
56 31
15 77
73 92
31 100
16 1
19 59
4 15
7 82
95 86
75 89
75 55
55 18
95 19
16 81
95 68
28 64
96 49
45 80
80 18
15 18
48 100
84 43
56 38
20 62
96 18
82 56
84 81
43 53
92 36
8 33
43 25
51 36
44 43
89 57
56 42
54 38
55 81
31 71
89 25
55 21
70 92
97 23
51 30
52 49
66 32
51 71
37 26
46 33
72 89
81 61
22 39
85 72
47 2
20 56
7 71
92 29
50 4
70 80
98 39
56 67
75 42
35 25
1 57
37 14
35 63
98 34
89 33
95 91
37 92
97 66
75 31
96 24
82 38
38 5
13 34
95 38
54 56
74 31
83 57
74 88
92 34
62 31
55 49
3 10
12 49
15 82
68 18
78 71
31 77
12 9
62 61
95 26
16 36
28 62
35 4
62 63
13 53
37 86
74 3
6 45
85 82
1 18
40 33
21 86
84 16
66 80
70 89
35 93
36 46
27 36
70 1
37 78
22 63
26 67
7 91
1 38
45 86
28 26
28 18
74 62
54 19
75 98
85 75
16 83
51 40
40 9
56 80
13 81
97 21
79 67
95 24
87 57
8 90
54 95
84 27
70 60
46 53
54 91
48 80
81 64
22 80
44 50
96 46
6 92
92 21
62 80
8 63
85 73
85 91
23 68
81 49
94 45
68 99
1 5
94 30
44 64
4 32
7 92
85 43
11 12
77 30
66 64
82 63
80 53
58 72
94 68
61 67
96 60
46 32
6 11
74 19
43 31
17 100
35 84
14 63
22 86
20 8
44 61
69 45
37 61
12 18
66 38
60 25
83 30
84 4
51 18
97 79
60 46
16 66
46 25
15 24
60 9
74 51
55 100
39 30
38 53
73 33
8 47
70 78
84 7
6 7
73 15
44 81
15 27
99 29
22 54
46 78
19 77
99 100
26 64
65 68
52 38
29 34
85 52
85 7
38 64
87 68
10 49
22 84
37 27
75 59
37 3
96 13
40 24
7 95
50 3
19 63
4 93
71 100
13 88
19 68
13 57
40 32
36 64
13 2
85 4
88 86
9 67
27 67
64 99
64 33
74 61
73 3
70 59
91 82
35 19
42 25
40 41
70 53
77 99
44 46
76 2
91 39
1 89
97 27
44 26
87 1
16 42
40 71
52 35
97 67
41 57
76 93
76 90
85 24
58 89
23 61
55 67
40 60
54 60
63 2
6 2
19 49
22 3
72 63
28 40
7 39
94 2
85 86
97 16
65 89
93 26
1 99
13 23
97 71
1 14
35 60
42 10
4 73
34 100
51 28
66 72
34 2
97 19
75 38
61 53
1 88
44 42
96 69
20 96
4 86
17 3
13 77
26 100
51 16
73 55
75 66
65 37
4 36
87 30
20 35
33 78
42 68
23 88
55 41
93 41
82 78
92 71
52 27
51 46
28 1
92 49
6 13
8 72
44 55
54 29
59 24
82 17
63 99
76 12
91 66
53 10
4 92
61 29
47 62
85 26
6 4
99 90
82 21
79 30
51 94
54 59
17 33
20 29
50 15
40 14
94 42
13 71
44 40
91 89
85 36
97 32
93 21
19 42
66 57
65 6
25 49
40 63
4 87
27 78
79 9
87 64
93 95
85 41
65 58
74 24
28 19
29 32
20 17
20 95
56 29
6 61
66 14
69 2
70 9
41 68
40 48
27 38
84 53
97 39
7 42
61 77
46 39
53 49
87 61
75 73
8 38
20 3
17 5
74 100
83 46
61 25
35 2
48 99
31 18
16 60
5 29
50 64
50 45
85 8
14 57
40 45
7 41
27 31
59 49
44 71
28 57
58 41
64 29
75 76
82 42
83 80
31 78
41 26
8 77
43 16
44 13
35 83
12 83
36 78
55 16
89 38
4 67
96 73
13 33
92 1
23 49
94 77
85 54
84 87
7 64
35 86
73 30
85 94
12 25
28 93
94 15
58 86
94 18
73 57
54 99
95 18
55 79
87 3
28 61
95 88
75 11
66 39
22 98
48 64
22 4
55 23
8 15
66 62
96 15
48 88
50 93
95 49
20 61
28 33
48 34
87 18
36 90
95 36
70 99
7 29
42 78
6 48
66 45
74 80
85 23
1 9
96 26
48 90
61 31
95 45
51 31
46 64
35 14
12 62
85 11
1 29
43 48
66 30
23 21
8 84
75 78
26 5
45 98
68 10
20 25
8 28
70 38
95 17
54 31
76 27
73 62
15 9
52 59
38 18
65 46
45 90
51 63
16 25
73 67
54 30
6 83
3 29
96 83
36 89
26 77
12 42
96 21
56 72
37 35
22 88
47 66
75 62
75 91
73 23
61 21
50 57
8 62
60 31
91 5
48 33
94 86
11 72
6 77
91 61
50 10
56 86
93 59
76 24
95 78
15 3
76 99
56 100
28 63
74 5
20 77
92 12
35 13
92 23
4 40
9 59
50 63
91 56
61 33
40 61
58 45
12 64
30 49
42 32
65 27
50 77
85 71
26 45
58 64
83 82
97 82
81 59
40 64
73 27
74 83
19 99
5 30
96 39
76 40
50 9
74 67
17 30
12 60
58 53
43 36
88 57
85 6
16 98
35 51
85 40
79 90
16 21
23 10
79 34
51 98
47 87
44 11
96 29
20 16
85 84
97 94
70 57
62 45
27 90
23 59
70 100
20 39
20 100
43 95
36 48
70 12
75 29
44 80
65 61
77 5
68 5
91 10
91 33
64 21
70 58
95 77
50 91
76 42
92 42
74 87
97 57
27 17
52 53
31 57
15 10
65 99
68 24
16 45
43 13
51 55
36 61
27 21
85 87
14 86
99 32
1 64
82 33
96 1
97 87
13 29
74 55
74 39
60 88
74 17
84 78
26 36
72 39
88 100
19 89
84 66
39 10
81 32
97 61
90 24
53 18
21 49
61 10
75 84
18 25
44 30
84 59
65 100
37 38
97 53
9 57
26 57
7 53
71 18
7 30
44 53
15 86
64 30
65 48
73 91
91 68
45 25
73 93
97 31
26 53
81 23
7 100
33 25
16 27
48 14
94 19
76 10
9 33
44 9
16 48
82 26
7 86
15 29
83 67
37 55
54 36
91 59
55 30
58 31
19 98
7 11
58 24
95 3
66 69
54 45
75 94
56 34
3 24
46 24
51 3
70 41
8 23
35 67
97 4
91 72
22 93
95 48
42 63
92 14
79 57
92 95
63 71
73 61
91 18
65 2
15 42
82 34
84 42
46 100
72 99
85 62
14 45
84 77
68 30
37 62
76 88
40 88
74 99
52 37
62 2
37 96
7 55
87 60
72 46
56 66
98 32
72 34
84 63
87 71
48 21
37 28
56 89
22 31
59 67
22 74
70 61
8 30
65 7
21 80
60 66
8 21
26 60
41 60
40 39
75 45
6 47
86 34
52 80
85 44
84 10
11 63
88 24
42 48
14 49
9 30
83 63
44 33
62 18
65 72
33 18
65 55
19 62
13 25
54 16
7 45
52 28
17 98
66 89
52 73
98 90
23 2
28 56
69 32
7 96
26 27
97 52
83 25
15 59
89 100
75 49
87 21
60 80
18 34
51 95
11 49
73 63
67 18
65 43
16 23
22 19
46 86
6 10
4 81
23 46
57 67
65 19
14 34
63 86
22 89
76 71
37 83
1 49
93 29
1 34
83 24
79 66
73 58
13 12
43 39
6 72
54 25
28 45
40 79
89 34
94 36
41 17
65 62
11 94
45 18
97 47
70 31
11 31
26 68
12 56
26 63
6 94
89 67
47 21
16 93
92 69
76 29
85 79
50 23
97 50
15 30
22 66
76 61
47 12
37 93
83 71
12 80
70 43
11 1
65 47
82 98
50 51
94 33
84 73
15 79
20 57
64 39
61 38
81 19
58 62
57 53
26 18
26 2
80 29
26 78
65 14
22 83
70 96
22 52
41 77
32 25
44 39
68 57
43 12
94 29
45 30
52 3
22 17
35 39
23 71
83 69
52 66
42 29
36 45
48 38
55 39
97 62
74 43
19 82
17 77
40 59
20 36
65 45
79 3
50 25
85 83
6 99
52 62
16 10
79 78
85 15
79 61
20 94
51 39
54 81
60 53
41 39
81 71
5 59
75 88
50 34
8 82
44 10
43 93
82 89
62 59
22 10
43 88
85 99
92 46
23 64
95 79
86 49
15 48
37 87
11 64
29 49
35 49
44 1
5 34
47 79
89 71
62 53
76 23
73 1
28 48
16 100
93 71
65 69
68 59
66 100
12 78
38 63
54 47
85 22
36 59
52 44
71 34
87 12
14 69
37 23
72 69
87 72
9 48
56 62
6 64
57 100
65 94
74 29
50 46
20 27
31 88
51 80
78 24
87 39
51 86
6 15
27 9
70 82
80 71
88 71
28 32
41 71
35 23
63 10
78 98
51 24
43 100
95 31
92 83
92 78
43 87
15 62
76 38
37 100
11 48
72 29
84 34
80 100
3 98
35 56
54 63
89 49
59 25
78 10
41 82
74 91
70 29
16 3
33 49
18 49
48 32
35 36
51 23
35 69
41 36
17 21
20 72
87 63
58 25
73 21
50 81
13 48
19 46
5 25
23 42
75 87
91 99
22 78
89 31
4 41
75 47
12 48
11 38
92 62
12 32
39 86
14 59
82 60
28 49
74 81
8 35
28 59
94 57
15 32
65 96
60 45
20 76
54 72
94 3
50 72
85 63
85 18
31 59
24 100
54 58
35 26
47 56
70 55
48 63
62 39
45 33
77 21
97 37
61 5
19 34
60 57
76 86
61 63
57 49
15 83
44 66
75 41
81 58
42 99
48 77
84 13
22 51
83 60
75 17
21 53
52 88
13 56
22 13
64 86
84 94
65 66
4 31
92 57
99 30
76 59
85 89
93 81
87 9
37 10
55 91
52 79
92 60
19 26
52 54
95 98
21 34
89 88
77 24
37 4
12 38
60 18
51 77
66 99
75 80
38 78
66 49
48 49
85 92
52 8
36 57
58 26
85 33
63 78
69 24
50 100
84 36
3 34
60 42
78 99
50 61
46 88
62 89
47 31
52 50
20 74
17 78
57 80
97 81
68 29
53 100
73 77
94 90
70 90
70 93
54 11
22 64
51 53
56 69
65 31
96 59
68 77
20 78
30 53
61 30
85 9
26 86
41 31
15 60
65 92
12 30
37 39
17 39
42 49
37 29
96 64
68 39
23 25
96 56
60 89
27 59
70 37
7 94
49 2
12 69
51 13
28 68
16 34
30 86
24 18
28 79
35 38
51 12
52 74
68 69
47 40
11 98
78 34
17 80
3 90
16 2
43 5
99 53
7 99
13 38
81 33
44 35
47 36
13 1
75 86
56 9
94 81
68 34
99 2
16 53
70 81
27 32
23 90
70 44
87 23
58 56
20 83
98 67
82 77
28 58
61 69
85 14
46 49
11 45
40 89
55 93
83 18
66 21
6 14
61 78
83 59
7 13
53 2
8 2
68 71
38 57
76 63
19 24
75 13
8 40
96 11
76 68
96 42
51 61
26 29
4 30
14 33
60 78
82 59
41 69
42 67
8 66
8 51
61 57
94 28
61 68
52 14
28 53
76 4
75 56
6 32
70 18
6 95
93 46
52 41
19 79
74 76
74 10
92 66
42 18
47 14
48 2
97 88
68 38
44 95
6 82
97 40
44 82
83 68
56 60
63 77
73 41
93 32
40 18
88 80
50 76
45 53
4 80
74 14
35 30
94 58
77 59
23 56
70 63
56 46
75 60
93 89
73 10
52 69
12 98
64 90
52 51
97 15
97 2
37 64
8 68
8 76
4 26
91 2
35 68
76 45
7 28
92 32
47 86
13 93
6 59
21 2
84 80
1 42
47 1
47 23
63 80
64 80
64 71
7 67
55 40
96 58
62 90
58 21
94 78
52 82
52 55
38 98
62 71
42 69
20 82
79 60
46 63
88 78
93 1
23 67
4 42
62 46
20 98
87 82
96 55
60 3
73 94
36 69
28 87
21 32
93 23
23 17
58 34
40 90
94 12
51 69
81 82
13 16
92 77
88 5
17 90
58 42
43 83
55 47
85 29
78 67
51 11
82 27
23 63
11 88
70 95
15 14
54 15
69 77
12 100
83 1
45 67
54 90
51 79
50 80
92 27
73 14
50 1
19 17
47 3
8 81
54 50
74 36
45 77
20 11
19 61
88 98
91 100
M 
M 
M 
M 
M 
M 
M 
M 
M 
M 
M 
M 
M 
M 
M 
M 
M 
M 
M 
M 
M 
M 
M 
M 
M 
M 
M 
M 
M 
M 
M 
M 
M 
M 
M 
M 
M 
M 
M 
M 
M 
M 
M 
M 
M 
M 
M 
M 
M 
M 
M 
M 
M 
M 
M 
M 
M 
M 
M 
M 
M 
M 
M 
M 
M 
M 
M 
M 
M 
M 
M 
M 
M 
M 
M 
M 
M 
M 
M 
M 
M 
M 
M 
M 
M 
M 
M 
M 
M 
M 
M 
M 
M 
M 
M 
M 
M 
M 
M 
M 
