40 346 100
92 59 37 42 82 47 25 88 86 93 3 56 64 28 1 36 10 62 49 12 19 80 26 40 52 31 55 70 13 78 16 99 96 8 76 0 21 58 23 67
39 40
28 14
30 16
27 10
18 9
29 40
7 28
40 15
18 27
24 25
37 8
23 4
32 34
39 11
25 33
31 17
18 37
36 10
39 30
6 35
30 23
12 28
39 28
18 32
24 15
25 28
16 8
31 22
30 5
24 26
16 17
25 20
21 40
8 9
4 38
22 8
9 1
15 34
18 25
30 34
2 1
23 5
36 38
26 2
21 17
2 33
10 14
27 23
30 11
20 5
31 26
10 26
26 14
12 9
23 1
18 31
36 17
32 2
24 38
29 12
39 24
32 9
10 19
29 23
8 15
27 34
18 17
32 21
32 33
35 31
22 40
21 16
27 28
37 28
11 16
6 9
31 25
39 35
21 20
27 35
28 15
18 22
28 38
18 3
5 1
35 21
27 19
23 15
40 19
13 7
7 26
6 14
26 22
36 5
37 40
26 34
7 15
25 12
35 9
23 34
7 10
12 26
18 6
29 33
31 8
36 3
32 26
2 34
32 16
34 33
16 15
26 20
11 22
8 33
27 25
14 34
39 18
14 2
22 38
27 37
28 8
30 38
16 40
25 37
5 9
29 5
21 15
21 9
13 21
13 12
13 18
16 38
13 26
14 3
6 28
28 34
21 3
13 8
5 38
21 30
24 12
12 20
13 10
35 28
22 20
39 34
7 8
6 36
40 20
24 32
7 22
18 20
27 33
39 23
13 31
4 33
35 14
31 20
28 5
7 31
37 23
18 7
26 8
22 33
36 28
26 33
24 28
39 15
30 40
11 8
24 1
15 9
36 23
36 34
29 19
3 9
15 3
37 16
36 33
30 15
31 9
5 3
6 4
35 20
6 17
27 15
10 37
32 12
39 16
29 7
26 28
36 16
25 1
4 8
2 19
18 8
4 15
12 8
24 22
24 4
28 4
28 2
16 9
14 1
16 5
27 31
21 31
21 19
24 14
31 40
18 15
36 37
13 28
10 2
16 19
21 12
37 15
15 14
13 40
8 34
8 2
24 36
4 9
34 1
39 37
16 28
13 23
20 14
13 11
33 1
39 26
6 19
17 34
40 8
35 3
27 40
6 34
21 8
13 20
18 36
13 33
7 2
30 10
13 30
18 21
23 14
4 17
11 26
36 26
32 4
11 19
31 5
6 38
6 30
21 23
24 40
25 10
32 15
7 25
21 1
31 28
33 38
31 15
20 9
30 12
11 1
32 20
7 34
35 30
29 2
39 38
37 14
11 9
30 28
29 36
38 19
28 17
13 3
35 40
20 17
21 2
31 4
34 3
32 22
18 19
39 19
22 4
11 17
24 9
6 37
6 21
7 6
26 3
5 17
6 20
26 19
12 4
18 1
29 6
18 12
6 11
29 34
22 1
37 20
25 17
30 20
4 5
11 15
36 25
3 38
18 16
38 1
27 11
4 20
37 38
21 34
23 3
16 2
25 11
21 10
10 20
11 33
26 38
10 4
37 19
30 25
25 8
30 9
27 16
18 34
35 17
20 1
31 38
35 37
7 20
7 3
30 22
35 25
28 1
31 1
22 34
24 37
32 37
28 33
32 40
21 38
M 
M 
M 
M 
M 
M 
M 
M 
M 
M 
M 
M 
M 
M 
M 
M 
M 
M 
M 
M 
M 
M 
M 
M 
M 
M 
M 
M 
M 
M 
M 
M 
M 
M 
M 
M 
M 
M 
M 
M 
M 
M 
M 
M 
M 
M 
M 
M 
M 
M 
M 
M 
M 
M 
M 
M 
M 
M 
M 
M 
M 
M 
M 
M 
M 
M 
M 
M 
M 
M 
M 
M 
M 
M 
M 
M 
M 
M 
M 
M 
M 
M 
M 
M 
M 
M 
M 
M 
M 
M 
M 
M 
M 
M 
M 
M 
M 
M 
M 
M 
