30 155 775
47 40 50 55 18 39 41 3 28 25 65 6 31 66 8 85 57 15 83 69 58 77 20 72 68 75 80 0 89 44
16 17
8 24
7 22
9 29
11 18
17 3
29 8
1 18
20 10
1 5
13 22
26 6
14 20
13 23
28 27
26 28
29 19
5 3
21 18
28 14
25 23
5 27
7 14
1 29
1 2
14 5
12 5
7 5
11 27
9 6
9 14
9 30
26 23
14 25
8 3
8 25
17 11
8 21
25 10
17 2
12 9
14 19
21 20
22 6
12 20
12 2
13 6
29 22
14 6
29 14
13 11
7 23
19 24
12 22
13 10
23 18
29 13
8 19
1 27
26 29
2 18
15 20
11 28
16 25
30 5
26 25
15 4
17 8
14 24
21 6
29 18
22 5
9 5
20 24
16 18
21 3
21 30
23 24
15 2
1 24
29 23
25 20
22 24
28 21
12 4
13 4
13 2
21 25
1 13
4 22
11 22
1 19
15 7
15 19
7 4
14 3
16 4
4 28
1 20
20 18
4 8
28 24
8 18
2 5
17 18
19 27
4 18
23 10
30 20
17 19
15 3
14 21
15 21
11 30
15 14
29 20
16 3
9 3
16 7
15 24
22 18
28 5
7 3
8 20
23 3
13 19
4 11
30 18
24 10
13 28
13 27
2 22
16 1
4 19
28 3
4 5
15 1
20 19
8 5
29 30
23 27
26 18
16 30
6 24
9 10
22 23
7 17
29 10
16 27
11 20
14 23
2 8
11 21
16 8
22 19
S 30 11
S 7 16
S 15 19
S 3 17
S 18 4
S 8 17
S 25 26
S 11 27
S 18 17
S 10 25
S 21 25
S 1 20
S 2 17
S 4 11
S 18 4
S 15 1
S 16 7
S 23 24
S 26 23
S 4 18
S 8 18
S 16 1
S 29 10
S 12 5
S 8 2
S 9 6
S 17 3
S 18 17
S 5 1
S 4 12
S 4 28
S 14 21
S 18 21
S 21 14
S 8 21
S 12 20
S 26 28
S 4 8
S 1 24
S 10 9
S 5 27
S 21 8
S 3 28
S 19 24
S 19 1
S 13 6
S 16 18
S 20 1
S 24 28
S 7 17
S 3 8
S 20 8
S 15 1
S 26 28
S 24 20
S 16 27
S 17 18
S 8 17
S 10 25
S 5 27
S 28 5
S 4 28
S 4 8
S 11 4
S 20 25
S 16 18
S 18 23
S 2 22
S 10 9
S 6 22
S 27 5
S 29 13
S 19 13
S 28 3
S 13 29
S 30 9
S 7 4
S 14 25
S 17 8
S 26 29
S 4 5
S 10 9
S 17 7
S 29 23
S 12 4
S 3 28
S 15 4
S 13 1
S 17 7
S 3 7
S 9 30
S 30 29
S 26 29
S 23 18
S 21 20
S 28 14
S 26 25
S 13 27
S 23 7
S 4 16
S 13 1
S 10 29
S 4 16
S 11 28
S 24 15
S 27 19
S 13 29
S 8 29
S 5 8
S 16 18
S 30 29
S 6 22
S 18 29
S 23 14
S 29 1
S 25 8
S 17 16
S 19 24
S 25 21
S 22 29
S 8 4
S 30 5
S 18 1
S 26 25
S 8 3
S 11 22
S 26 18
S 14 7
S 24 14
S 2 1
S 9 10
S 20 11
S 24 19
S 11 17
S 25 26
S 16 3
S 19 4
S 21 20
S 8 5
S 22 23
S 19 24
S 3 5
S 20 24
S 28 26
S 3 23
S 16 27
S 11 13
S 28 13
S 21 20
S 20 10
S 4 13
S 14 6
S 14 24
S 20 30
S 13 23
S 29 14
S 14 25
S 13 28
S 23 7
S 24 23
S 8 24
S 28 21
S 4 18
S 2 22
S 14 6
S 8 21
S 10 25
S 20 11
S 24 8
S 3 15
S 29 8
S 22 11
S 29 20
S 5 22
S 8 3
S 23 29
S 1 20
S 4 28
S 15 21
S 11 13
S 19 4
S 29 14
S 3 7
S 27 1
S 13 6
S 29 20
S 14 21
S 3 5
S 11 20
S 22 19
S 20 11
S 24 19
S 25 23
S 29 8
S 22 12
S 20 12
S 18 21
S 18 17
S 20 1
S 8 20
S 4 18
S 17 2
S 16 8
S 15 7
S 28 21
S 29 22
S 28 4
S 11 18
S 3 9
S 24 6
S 6 22
S 15 14
S 15 24
S 2 12
S 4 12
S 3 5
S 14 7
S 20 19
S 17 18
S 2 18
S 18 23
S 2 5
S 5 27
S 24 8
S 5 14
S 5 1
S 30 18
S 17 3
S 28 27
S 5 2
S 13 2
S 30 16
S 19 15
S 8 18
S 27 28
S 1 15
S 3 8
S 24 6
S 6 13
S 14 29
S 18 4
S 9 10
S 7 16
S 1 29
S 30 20
S 14 23
S 18 4
S 10 23
S 20 1
S 12 2
S 7 23
S 20 12
S 30 21
S 22 12
S 29 23
S 20 1
S 2 22
S 12 22
S 29 8
S 10 24
S 5 2
S 26 25
S 14 15
S 21 30
S 1 27
S 2 5
S 28 21
S 19 1
S 13 11
S 4 19
S 9 30
S 20 14
S 23 26
S 1 2
S 14 7
S 2 17
S 14 15
S 14 5
S 13 11
S 25 16
S 11 20
S 13 11
S 20 11
S 6 13
S 24 6
S 23 13
S 26 23
S 20 14
S 28 14
S 4 7
S 17 8
S 13 19
S 8 4
S 19 1
S 20 14
S 6 26
S 30 18
S 24 28
S 4 22
S 22 29
S 1 29
S 20 15
S 10 24
S 30 11
S 8 20
S 5 27
S 3 8
S 4 7
S 26 29
S 29 13
S 17 3
S 2 5
S 26 18
S 28 3
S 23 18
S 26 29
S 15 20
S 20 14
S 5 9
S 19 20
S 8 5
S 13 19
S 18 2
S 18 21
S 23 10
S 14 24
S 15 7
S 19 14
S 1 2
S 3 15
S 24 19
S 21 6
S 23 14
S 5 3
S 27 23
S 30 9
S 27 11
S 27 28
S 28 13
S 16 18
S 5 3
S 1 13
S 18 2
S 20 18
S 23 22
S 14 28
S 20 1
S 30 5
S 8 29
S 24 8
S 23 18
S 26 29
S 28 21
S 15 7
S 28 24
S 29 18
S 5 30
S 14 15
S 17 7
S 29 8
S 24 23
S 3 28
S 22 29
S 6 9
S 11 20
S 10 25
S 20 30
S 17 18
S 22 23
S 21 30
S 24 28
S 3 15
S 21 20
S 20 1
S 20 1
S 15 19
S 1 2
S 9 30
S 16 8
S 10 25
S 7 4
S 18 2
S 7 17
S 3 23
S 27 5
S 3 16
S 29 26
S 14 25
S 13 23
S 6 26
S 11 22
S 30 29
S 22 13
S 19 27
S 14 20
S 29 13
S 18 23
S 1 29
S 18 17
S 8 21
S 26 28
S 11 20
S 28 21
S 8 5
S 17 2
S 10 13
S 18 22
S 29 18
S 7 17
S 3 23
S 22 7
S 23 22
S 20 8
S 20 29
S 27 5
S 12 5
S 1 18
S 4 16
S 26 29
S 14 3
S 13 29
S 15 24
S 28 3
S 22 18
S 11 18
S 15 14
S 26 23
S 20 10
S 29 10
S 5 9
S 24 20
S 3 16
S 26 6
S 30 16
S 15 19
S 24 15
S 3 7
S 3 28
S 12 4
S 18 1
S 17 8
S 8 20
S 22 11
S 22 7
S 17 3
S 11 17
S 21 3
S 11 28
S 19 14
S 2 13
S 11 27
S 13 29
S 28 14
S 24 8
S 22 29
S 20 24
S 24 19
S 22 19
S 3 8
S 1 29
S 21 20
S 2 15
S 27 19
S 14 5
S 6 26
S 29 26
S 24 10
S 29 18
S 22 18
S 16 17
S 2 13
S 16 25
S 18 2
S 23 3
S 22 29
S 27 1
S 29 1
S 7 5
S 17 19
S 19 14
S 14 23
S 8 19
S 14 21
S 20 29
S 20 25
S 16 30
S 21 14
S 5 4
S 3 23
S 10 23
S 10 9
S 6 26
S 22 29
S 10 25
S 17 3
S 29 30
S 28 26
S 22 11
S 13 1
S 8 24
S 4 7
S 21 8
S 26 28
S 20 29
S 28 5
S 6 24
S 11 18
S 25 10
S 22 7
S 8 17
S 22 11
S 5 8
S 25 26
S 5 27
S 1 16
S 12 22
S 29 14
S 7 15
S 14 21
S 4 7
S 22 5
S 17 18
S 22 7
S 10 23
S 4 5
S 16 1
S 3 5
S 2 12
S 16 27
S 25 10
S 24 10
S 11 17
S 13 27
S 22 7
S 27 28
S 29 23
S 20 25
S 3 16
S 16 1
S 19 1
S 2 15
S 28 24
S 3 8
S 24 23
S 28 4
S 21 30
S 6 13
S 18 20
S 27 13
S 6 22
S 28 14
S 29 8
S 29 18
S 29 30
S 4 28
S 24 1
S 4 8
S 28 11
S 24 23
S 11 28
S 19 14
S 5 30
S 13 11
S 17 11
S 23 18
S 4 11
S 20 10
S 29 1
S 7 5
S 21 3
S 22 4
S 25 26
S 28 24
S 10 29
S 18 22
S 25 10
S 17 18
S 4 22
S 8 3
S 13 27
S 7 14
S 1 27
S 6 14
S 27 1
S 19 15
S 22 18
S 5 12
S 3 15
S 24 6
S 9 6
S 29 9
S 19 15
S 22 18
S 19 20
S 11 18
S 27 23
S 1 20
S 6 14
S 17 16
S 27 13
S 10 9
S 20 19
S 20 21
S 9 29
S 8 4
S 14 20
S 28 11
S 4 15
S 15 3
S 3 8
S 4 19
S 23 18
S 23 27
S 27 28
S 13 28
S 19 24
S 23 29
S 15 24
S 20 30
S 1 20
S 17 11
S 12 22
S 18 23
S 15 14
S 21 15
S 5 27
S 24 14
S 20 14
S 22 6
S 15 14
S 30 5
S 5 22
S 16 27
S 7 15
S 5 3
S 21 28
S 1 15
S 14 7
S 24 20
S 27 1
S 29 30
S 7 22
S 19 14
S 3 8
S 24 19
S 11 21
S 22 13
S 26 25
S 20 24
S 28 26
S 8 25
S 29 20
S 24 1
S 19 22
S 3 15
S 11 27
S 13 10
S 18 29
S 12 5
S 29 26
S 7 17
S 21 11
S 23 3
S 14 5
S 11 13
S 18 11
S 1 2
S 5 14
S 5 9
S 30 16
S 3 17
S 3 17
S 20 8
S 18 4
S 4 18
S 15 21
S 1 16
S 16 27
S 11 27
S 6 21
S 17 19
S 24 22
S 25 14
S 2 13
S 22 18
S 28 14
S 11 20
S 3 14
S 1 13
S 26 6
S 16 27
S 24 20
S 27 11
S 26 28
S 3 7
S 18 16
S 22 6
S 27 11
S 2 12
S 5 3
S 30 11
S 6 13
S 3 14
S 23 27
S 13 19
S 28 11
S 2 12
S 2 8
S 8 29
S 1 5
S 25 20
S 18 21
S 15 24
S 23 18
S 6 13
S 15 4
S 1 2
S 5 14
S 18 1
S 7 3
S 5 27
S 29 13
S 29 19
S 13 11
S 5 30
S 29 30
S 28 13
S 3 5
S 13 6
S 9 6
S 7 17
S 7 17
S 2 5
S 29 23
S 23 26
S 22 19
S 28 24
S 9 30
S 10 13
S 24 19
S 3 23
S 20 14
S 22 12
S 21 15
S 22 19
S 18 2
S 27 13
S 26 6
S 5 30
S 10 13
S 4 13
S 14 19
S 11 28
S 9 12
S 20 19
S 6 26
S 16 7
S 7 17
S 30 11
S 22 23
S 24 14
S 12 5
S 18 16
S 23 18
S 23 7
S 7 15
S 18 26
S 7 15
S 14 20
S 8 17
S 18 22
S 27 1
S 18 23
S 1 2
S 15 7
