80 605 3025
61 37 47 12 38 52 83 64 81 43 99 70 18 73 72 3 8 91 31 22 39 11 55 58 75 79 15 21 27 63 48 29 2 14 30 69 25 78 4 5 35 77 6 10 33 85 95 84 90 60 1 20 44 89 98 96 49 56 0 76 40 42 54 97 9 65 41 23 16 57 46 92 45 13 28 17 67 88 53 34
15 37
17 33
48 6
58 51
77 35
48 10
17 64
23 67
35 55
61 30
67 16
47 54
53 7
26 75
23 34
40 75
66 65
55 54
68 49
12 22
3 18
5 51
13 39
58 4
74 51
45 59
63 68
79 65
21 55
76 57
7 64
63 69
12 51
71 73
80 46
43 35
11 23
4 35
51 33
29 19
8 69
30 39
14 27
15 50
45 78
66 77
61 69
62 35
17 21
21 1
35 9
14 29
8 59
30 32
40 9
3 67
14 40
60 1
45 13
70 9
41 44
24 1
25 28
51 30
37 33
16 8
47 41
37 49
41 6
79 26
46 76
60 8
42 32
65 54
49 22
7 75
10 28
11 78
48 75
50 70
67 18
50 46
42 5
46 21
19 20
5 60
62 10
51 49
15 2
62 39
5 26
15 67
29 59
15 21
74 43
76 73
24 6
71 24
26 72
15 41
53 59
48 76
23 19
65 1
71 16
22 57
53 58
18 22
75 39
2 64
58 29
63 2
20 68
67 4
48 46
51 18
43 54
15 57
3 59
77 73
72 43
25 68
58 33
9 64
79 72
2 37
67 78
71 78
60 78
11 4
30 8
47 28
42 14
72 24
72 6
50 35
48 54
38 32
72 75
4 28
51 69
14 11
66 1
46 70
36 69
78 22
34 49
72 19
71 8
66 28
5 19
31 74
42 22
37 34
48 1
11 21
74 46
25 39
11 76
12 71
76 68
2 39
7 21
62 47
56 28
34 55
67 72
3 32
14 41
72 4
61 51
53 44
43 52
2 68
68 52
77 38
67 69
42 33
3 9
66 25
47 8
4 36
36 10
42 30
15 3
79 62
16 76
28 55
5 44
41 30
71 65
70 8
14 73
6 49
66 59
10 13
36 27
67 10
37 57
37 69
5 32
58 6
3 62
50 37
53 55
10 44
74 7
66 23
70 49
79 9
51 13
65 43
3 71
79 13
60 25
35 27
21 75
63 17
36 25
62 44
15 62
26 24
35 33
76 22
59 54
60 57
47 36
41 1
26 51
41 25
79 71
21 28
71 9
65 9
3 26
10 55
68 57
2 35
79 47
62 69
46 44
43 75
67 57
30 1
67 41
42 48
75 9
20 49
11 72
80 33
58 18
62 60
61 60
53 51
30 78
66 37
61 68
16 70
24 25
11 28
23 47
12 30
73 60
45 22
76 4
67 50
43 37
51 39
41 37
15 59
19 59
42 26
74 41
76 49
61 56
66 19
58 68
36 28
15 11
5 54
21 37
40 35
74 54
53 11
43 40
3 21
51 68
66 13
64 78
11 1
6 22
45 16
3 7
74 18
67 60
62 67
80 76
63 70
21 20
9 33
65 4
39 22
41 75
8 33
74 40
46 32
62 21
2 14
42 69
30 34
72 28
76 75
58 36
74 37
76 70
23 26
41 69
51 60
53 1
23 70
12 47
2 75
67 6
58 24
14 8
52 32
7 32
62 68
58 25
41 59
23 59
48 56
16 54
65 13
45 38
61 46
23 60
67 43
76 52
1 38
79 6
21 18
72 49
50 28
2 30
3 54
11 67
24 68
7 52
63 11
61 33
71 43
8 78
29 60
66 33
67 21
77 68
63 14
56 46
16 36
62 73
34 1
28 22
48 36
26 28
3 72
62 16
36 13
74 79
45 50
68 64
12 24
63 40
76 43
74 8
80 41
61 27
61 11
28 6
45 66
80 5
15 39
58 38
60 19
72 1
24 35
58 22
1 55
37 55
7 19
2 78
23 39
21 57
41 70
64 32
77 6
28 39
14 38
66 11
66 46
7 23
77 51
76 72
27 49
31 76
40 38
12 29
17 70
45 18
78 54
3 44
31 10
42 75
66 78
45 57
11 9
51 75
80 8
79 23
72 27
79 20
42 7
42 71
20 28
79 69
14 21
2 33
62 56
17 43
23 44
56 23
34 6
37 6
34 9
76 59
62 24
42 64
25 59
63 28
14 47
46 75
63 52
8 54
56 30
33 69
14 17
41 78
10 54
80 10
24 30
51 70
73 30
62 29
12 6
77 59
24 13
43 78
23 65
37 30
56 34
30 27
31 2
51 52
24 51
61 8
2 11
66 12
70 35
61 72
12 17
58 43
73 54
24 18
76 36
48 55
26 9
63 18
56 36
23 22
2 51
77 39
80 73
71 57
29 64
3 76
5 43
51 34
63 42
58 7
76 69
74 56
19 57
14 19
80 65
66 69
74 59
64 6
12 62
21 43
15 23
47 52
47 21
61 52
56 39
20 57
76 28
29 33
2 10
73 6
70 28
61 37
27 59
10 1
61 6
11 10
58 76
63 32
12 73
2 22
46 52
80 27
80 62
17 41
73 34
37 9
50 43
3 64
22 32
40 18
72 41
73 59
61 29
42 12
18 78
48 37
62 33
50 54
17 35
65 72
19 1
73 57
46 35
79 10
42 39
76 32
15 24
61 78
5 69
69 57
58 65
45 67
31 17
75 54
45 54
53 5
71 69
80 74
80 14
20 69
29 57
5 46
25 44
14 16
66 70
53 47
53 8
26 36
14 52
16 13
5 56
21 36
58 71
7 8
24 20
16 59
70 27
42 65
29 25
58 44
4 39
56 59
43 28
68 35
25 78
63 71
66 60
45 80
38 49
16 73
55 59
67 39
23 16
63 5
5 64
58 62
27 22
36 6
3 36
53 78
71 1
15 13
71 6
75 8
12 50
74 39
S 66 70
S 67 15
S 54 5
S 22 76
S 8 54
S 18 78
S 26 9
S 42 22
S 17 70
S 37 30
S 66 46
S 1 66
S 10 67
S 34 9
S 51 61
S 44 3
S 21 20
S 62 35
S 29 57
S 6 72
S 51 34
S 24 13
S 52 14
S 77 38
S 27 30
S 23 26
S 41 74
S 53 59
S 24 51
S 16 67
S 51 77
S 59 54
S 21 47
S 32 46
S 42 69
S 73 12
S 28 26
S 5 44
S 47 36
S 36 4
S 55 28
S 49 20
S 19 57
S 31 2
S 42 30
S 24 71
S 40 74
S 2 22
S 61 68
S 1 48
S 16 71
S 20 69
S 33 17
S 47 54
S 78 64
S 58 68
S 23 60
S 47 54
S 18 45
S 67 23
S 71 42
S 18 51
S 40 35
S 33 80
S 69 41
S 32 52
S 14 73
S 76 70
S 21 3
S 23 22
S 52 32
S 11 9
S 59 55
S 49 70
S 60 5
S 70 8
S 49 76
S 66 59
S 56 46
S 28 63
S 56 46
S 48 42
S 26 24
S 67 6
S 38 14
S 53 59
S 48 55
S 24 20
S 61 46
S 21 18
S 15 59
S 45 50
S 49 27
S 32 30
S 12 73
S 63 68
S 72 43
S 45 50
S 44 23
S 55 54
S 42 33
S 68 52
S 42 26
S 32 76
S 76 36
S 15 13
S 8 78
S 9 71
S 30 1
S 2 35
S 3 64
S 17 64
S 71 78
S 7 32
S 39 77
S 24 72
S 37 2
S 15 3
S 27 22
S 52 32
S 45 66
S 63 2
S 35 68
S 34 51
S 20 24
S 72 19
S 78 67
S 29 25
S 62 67
S 50 12
S 10 31
S 67 15
S 36 26
S 79 10
S 1 60
S 62 3
S 76 49
S 7 42
S 77 73
S 36 28
S 49 27
S 60 78
S 28 10
S 22 57
S 28 22
S 25 68
S 51 68
S 30 2
S 79 13
S 67 62
S 15 57
S 51 49
S 10 62
S 71 6
S 78 25
S 6 67
S 63 71
S 55 37
S 77 68
S 3 72
S 25 58
S 78 11
S 35 77
S 14 41
S 8 69
S 45 67
S 21 15
S 61 69
S 25 68
S 30 41
S 43 40
S 28 56
S 15 39
S 6 79
S 63 70
S 51 75
S 23 7
S 11 10
S 79 6
S 20 28
S 67 10
S 31 17
S 44 58
S 29 58
S 80 73
S 46 66
S 35 55
S 50 67
S 36 13
S 50 37
S 49 37
S 19 7
S 21 57
S 68 52
S 21 46
S 51 12
S 1 30
S 55 54
S 6 64
S 12 22
S 28 25
S 44 25
S 44 5
S 74 51
S 14 29
S 68 63
S 3 15
S 13 51
S 62 39
S 70 35
S 56 48
S 14 42
S 36 48
S 63 28
S 32 38
S 52 51
S 11 63
S 60 62
S 54 73
S 54 55
S 12 22
S 76 72
S 16 8
S 67 23
S 16 45
S 59 76
S 26 28
S 24 72
S 48 37
S 59 16
S 39 62
S 40 35
S 45 16
S 20 19
S 30 61
S 80 62
S 12 51
S 61 27
S 26 42
S 76 69
S 30 12
S 71 43
S 59 74
S 16 62
S 19 60
S 28 39
S 43 52
S 76 36
S 8 74
S 43 72
S 27 70
S 78 22
S 23 65
S 59 8
S 61 6
S 41 37
S 28 76
S 35 9
S 30 2
S 23 65
S 43 52
S 17 70
S 25 66
S 67 62
S 68 51
S 12 71
S 43 72
S 9 33
S 76 70
S 28 11
S 64 9
S 10 54
S 10 44
S 44 5
S 60 57
S 23 26
S 50 37
S 1 38
S 6 72
S 57 29
S 11 10
S 59 54
S 42 69
S 33 51
S 12 73
S 12 50
S 24 58
S 69 8
S 23 7
S 33 17
S 19 14
S 21 28
S 56 5
S 75 41
S 59 27
S 5 54
S 78 8
S 11 63
S 57 15
S 12 71
S 12 30
S 13 36
S 32 3
S 9 64
S 26 75
S 15 23
S 6 37
S 67 62
S 66 11
S 56 48
S 54 10
S 24 68
S 21 36
S 50 43
S 72 4
S 62 68
S 77 73
S 29 58
S 46 35
S 22 18
S 26 72
S 33 69
S 52 51
S 77 73
S 29 59
S 20 21
S 10 48
S 63 69
S 63 42
S 56 30
S 66 33
S 75 9
S 25 36
S 12 50
S 38 49
S 68 77
S 8 61
S 76 59
S 59 74
S 47 41
S 39 74
S 39 28
S 55 37
S 10 44
S 12 71
S 32 46
S 80 46
S 74 31
S 3 9
S 59 8
S 78 11
S 58 62
S 62 15
S 43 75
S 8 53
S 70 41
S 69 42
S 35 24
S 8 33
S 36 76
S 77 35
S 65 80
S 24 30
S 20 69
S 6 24
S 78 11
S 66 45
S 17 33
S 14 47
S 77 35
S 12 73
S 17 43
S 51 61
S 37 69
S 11 9
S 58 24
S 9 34
S 8 71
S 1 34
S 39 77
S 15 24
S 17 64
S 74 7
S 54 5
S 61 33
S 52 76
S 65 66
S 13 39
S 46 70
S 39 30
S 37 61
S 2 31
S 80 10
S 51 49
S 76 73
S 34 51
S 7 52
S 17 35
S 2 35
S 39 22
S 8 75
S 43 75
S 72 79
S 58 51
S 22 57
S 43 40
S 24 68
S 59 76
S 7 52
S 56 62
S 26 3
S 29 33
S 2 64
S 2 68
S 54 74
S 9 35
S 46 50
S 6 67
S 6 77
S 3 59
S 17 35
S 61 72
S 25 58
S 33 8
S 71 24
S 48 76
S 72 26
S 1 66
S 41 25
S 79 13
S 72 41
S 72 4
S 39 23
S 16 62
S 20 21
S 71 9
S 59 23
S 6 48
S 55 48
S 59 27
S 66 37
S 76 70
S 10 28
S 80 5
S 44 46
S 23 65
S 22 6
S 56 39
S 78 67
S 29 25
S 53 58
S 33 8
S 55 21
S 55 21
S 4 35
S 70 46
S 74 46
S 6 73
S 69 42
S 4 76
S 2 33
S 2 15
S 6 61
S 59 23
S 32 76
S 35 70
S 38 77
S 24 20
S 43 75
S 47 21
S 41 74
S 48 1
S 43 67
S 59 15
S 20 19
S 24 25
S 58 36
S 43 35
S 1 11
S 68 62
S 22 6
S 60 51
S 36 16
S 32 52
S 56 34
S 29 62
S 48 75
S 51 60
S 26 24
S 28 36
S 11 21
S 72 26
S 42 39
S 63 2
S 56 61
S 28 76
S 79 47
S 23 66
S 43 58
S 24 68
S 41 47
S 14 42
S 39 42
S 17 64
S 23 79
S 65 9
S 55 54
S 16 70
S 63 17
S 42 63
S 6 67
S 4 35
S 10 44
S 23 60
S 48 37
S 14 38
S 44 25
S 65 80
S 43 35
S 36 56
S 59 73
S 22 12
S 47 23
S 43 71
S 67 11
S 8 7
S 28 47
S 29 57
S 9 75
S 24 6
S 25 58
S 77 73
S 57 73
S 52 32
S 72 75
S 38 1
S 43 28
S 23 44
S 6 22
S 60 78
S 29 57
S 8 53
S 51 61
S 54 10
S 34 55
S 79 10
S 28 10
S 70 23
S 6 34
S 68 62
S 15 24
S 16 14
S 16 67
S 49 34
S 68 49
S 43 54
S 35 2
S 66 69
S 58 51
S 8 30
S 76 3
S 70 23
S 53 55
S 66 19
S 50 43
S 47 8
S 65 43
S 43 40
S 60 1
S 78 18
S 80 62
S 41 80
S 13 39
S 40 35
S 36 13
S 29 59
S 41 72
S 49 68
S 1 53
S 33 29
S 8 75
S 70 35
S 80 33
S 52 76
S 19 1
S 23 47
S 64 68
S 39 22
S 47 54
S 7 75
S 54 16
S 46 44
S 35 27
S 65 42
S 42 64
S 49 72
S 21 55
S 66 46
S 78 60
S 16 14
S 62 24
S 76 48
S 11 53
S 61 46
S 29 59
S 13 16
S 7 74
S 23 44
S 14 17
S 12 51
S 10 11
S 61 11
S 72 79
S 62 16
S 53 8
S 54 47
S 50 15
S 70 35
S 60 67
S 5 64
S 43 65
S 77 39
S 37 49
S 47 23
S 63 69
S 9 40
S 54 10
S 47 21
S 44 5
S 18 22
S 8 70
S 30 24
S 80 45
S 77 59
S 61 27
S 12 62
S 4 58
S 15 21
S 66 59
S 59 53
S 3 7
S 33 42
S 65 1
S 14 17
S 26 24
S 8 71
S 51 49
S 80 14
S 59 16
S 9 11
S 44 58
S 5 54
S 19 1
S 80 33
S 52 76
S 29 61
S 56 5
S 72 4
S 49 6
S 73 6
S 35 55
S 63 5
S 32 42
S 78 66
S 32 42
S 75 21
S 69 5
S 70 51
S 8 78
S 15 21
S 70 66
S 39 4
S 55 54
S 7 53
S 73 62
S 22 2
S 51 24
S 50 15
S 28 55
S 67 43
S 20 79
S 5 26
S 68 49
S 7 42
S 5 69
S 42 22
S 3 21
S 69 61
S 21 37
S 41 30
S 62 68
S 6 58
S 3 72
S 25 24
S 52 46
S 51 74
S 19 23
S 7 32
S 46 74
S 62 68
S 42 63
S 12 24
S 28 36
S 25 59
S 59 55
S 79 47
S 58 65
S 25 36
S 69 71
S 60 57
S 41 78
S 41 25
S 21 55
S 66 13
S 37 61
S 48 1
S 39 25
S 42 32
S 42 7
S 13 24
S 21 7
S 21 46
S 10 54
S 13 16
S 51 18
S 20 68
S 17 63
S 29 61
S 13 10
S 17 14
S 12 22
S 14 8
S 22 6
S 32 3
S 7 32
S 28 72
S 50 28
S 65 54
S 71 3
S 13 16
S 67 62
S 63 69
S 24 6
S 66 19
S 69 79
S 14 42
S 67 16
S 69 67
S 38 77
S 64 5
S 35 27
S 48 37
S 24 72
S 62 16
S 42 12
S 74 8
S 24 58
S 48 10
S 65 9
S 51 68
S 21 36
S 63 32
S 11 61
S 28 39
S 45 57
S 35 9
S 13 45
S 9 3
S 57 60
S 24 18
S 2 33
S 37 34
S 23 26
S 60 62
S 58 24
S 36 69
S 29 33
S 47 53
S 41 25
S 70 76
S 7 32
S 33 66
S 41 25
S 7 64
S 5 43
S 8 80
S 70 16
S 65 1
S 80 5
S 24 18
S 39 4
S 33 61
S 30 32
S 70 35
S 1 10
S 41 14
S 8 53
S 54 43
S 28 11
S 11 21
S 68 58
S 74 40
S 6 12
S 73 80
S 14 16
S 19 60
S 76 28
S 60 29
S 68 51
S 27 22
S 58 6
S 42 75
S 19 59
S 60 29
S 28 76
S 44 46
S 64 68
S 75 7
S 49 27
S 44 62
S 14 42
S 29 57
S 71 1
S 1 71
S 66 1
S 22 18
S 79 9
S 5 53
S 51 18
S 63 42
S 42 71
S 11 4
S 71 65
S 64 32
S 62 79
S 67 11
S 4 65
S 29 64
S 55 54
S 6 34
S 50 54
S 43 67
S 59 74
S 38 49
S 63 52
S 47 53
S 49 20
S 25 58
S 8 60
S 80 73
S 51 61
S 76 31
S 52 32
S 73 71
S 51 70
S 61 69
S 74 39
S 46 56
S 2 35
S 63 42
S 34 30
S 66 11
S 3 59
S 67 43
S 35 27
S 51 58
S 56 5
S 78 43
S 37 41
S 78 45
S 34 37
S 30 12
S 23 47
S 32 30
S 48 46
S 53 58
S 36 21
S 43 28
S 64 6
S 9 65
S 41 14
S 23 70
S 54 47
S 20 79
S 24 72
S 54 74
S 58 4
S 47 23
S 7 75
S 11 4
S 73 34
S 24 13
S 18 74
S 24 25
S 66 77
S 33 29
S 57 19
S 24 68
S 14 11
S 41 25
S 11 9
S 47 28
S 78 41
S 22 57
S 5 60
S 7 64
S 48 42
S 70 16
S 44 46
S 73 59
S 22 28
S 1 11
S 37 34
S 28 66
S 42 75
S 57 15
S 70 8
S 51 26
S 17 41
S 75 41
S 24 62
S 45 50
S 2 31
S 7 19
S 70 23
S 62 67
S 34 37
S 21 46
S 43 52
S 12 73
S 78 30
S 53 47
S 52 43
S 26 51
S 59 76
S 55 35
S 54 50
S 64 3
S 59 53
S 4 11
S 74 46
S 30 8
S 50 37
S 20 24
S 16 62
S 56 28
S 58 38
S 75 2
S 22 27
S 6 71
S 64 6
S 36 27
S 74 46
S 48 75
S 41 67
S 27 36
S 80 65
S 66 25
S 6 61
S 71 79
S 47 8
S 2 33
S 41 15
S 80 76
S 13 15
S 78 25
S 22 2
S 14 73
S 44 58
S 21 37
S 54 65
S 72 3
S 3 64
S 80 41
S 35 43
S 54 45
S 10 79
S 36 25
S 63 11
S 65 54
S 42 39
S 75 7
S 70 8
S 28 47
S 53 1
S 21 3
S 78 25
S 5 43
S 60 57
S 29 58
S 18 21
S 49 51
S 2 63
S 78 54
S 43 28
S 61 33
S 56 39
S 34 37
S 71 6
S 15 50
S 23 60
S 68 35
S 10 13
S 1 11
S 78 22
S 79 26
S 58 36
S 23 15
S 44 46
S 46 52
S 78 22
S 76 48
S 57 15
S 78 30
S 39 30
S 73 12
S 36 16
S 23 34
S 67 23
S 42 69
S 76 57
S 14 47
S 33 29
S 2 10
S 63 18
S 65 66
S 40 18
S 38 49
S 74 54
S 45 16
S 46 48
S 8 33
S 19 29
S 37 33
S 65 66
S 78 22
S 80 41
S 44 53
S 19 20
S 28 70
S 68 2
S 13 24
S 29 57
S 42 22
S 34 73
S 3 9
S 62 60
S 55 37
S 61 8
S 75 48
S 80 27
S 26 3
S 43 65
S 15 11
S 4 58
S 72 3
S 58 18
S 19 29
S 37 55
S 73 54
S 34 1
S 67 10
S 24 6
S 50 43
S 72 79
S 74 43
S 37 66
S 70 35
S 69 33
S 70 17
S 49 76
S 29 33
S 66 77
S 35 17
S 64 78
S 67 23
S 66 70
S 41 67
S 40 18
S 2 14
S 8 74
S 1 71
S 62 73
S 50 12
S 74 18
S 64 9
S 51 30
S 66 77
S 78 60
S 6 37
S 80 46
S 11 21
S 20 21
S 64 5
S 41 1
S 58 68
S 62 68
S 50 43
S 75 54
S 61 8
S 45 66
S 55 48
S 33 58
S 40 9
S 69 33
S 6 61
S 30 27
S 45 57
S 17 33
S 49 72
S 69 8
S 59 8
S 55 1
S 60 5
S 46 5
S 69 76
S 13 10
S 75 8
S 6 77
S 52 7
S 59 25
S 78 41
S 54 65
S 76 11
S 56 46
S 73 76
S 46 44
S 42 14
S 60 8
S 44 5
S 43 28
S 3 18
S 50 43
S 59 25
S 68 2
S 22 28
S 49 20
S 19 23
S 53 59
S 72 19
S 12 47
S 28 43
S 30 42
S 68 25
S 8 33
S 28 39
S 33 29
S 45 57
S 26 42
S 62 15
S 76 73
S 30 41
S 66 23
S 69 62
S 10 55
S 79 13
S 8 61
S 72 4
S 38 58
S 63 11
S 50 67
S 57 69
S 61 30
S 56 34
S 10 44
S 17 14
S 2 35
S 66 60
S 11 21
S 70 16
S 32 52
S 70 35
S 20 49
S 71 58
S 60 67
S 49 27
S 6 22
S 3 26
S 64 68
S 72 75
S 71 6
S 76 59
S 76 80
S 6 79
S 69 79
S 70 8
S 40 75
S 67 23
S 68 58
S 79 26
S 28 55
S 28 55
S 60 66
S 47 8
S 62 15
S 49 6
S 72 76
S 71 9
S 25 59
S 23 66
S 33 69
S 57 69
S 37 15
S 75 76
S 25 29
S 41 67
S 1 65
S 80 14
S 74 46
S 7 53
S 7 42
S 50 15
S 64 29
S 7 3
S 22 28
S 67 16
S 75 72
S 35 43
S 76 4
S 23 47
S 74 41
S 17 63
S 43 35
S 46 5
S 31 10
S 7 21
S 32 5
S 12 71
S 58 44
S 1 66
S 59 25
S 50 35
S 10 67
S 40 9
S 43 21
S 30 1
S 46 66
S 78 30
S 71 6
S 62 12
S 79 65
S 39 28
S 70 17
S 63 28
S 26 3
S 8 80
S 30 41
S 56 59
S 64 7
S 62 79
S 46 48
S 60 29
S 46 21
S 48 10
S 28 36
S 15 41
S 69 42
S 25 68
S 51 70
S 47 41
S 64 7
S 14 42
S 51 60
S 74 46
S 63 68
S 66 11
S 68 51
S 28 10
S 73 77
S 42 32
S 72 6
S 11 76
S 65 13
S 76 70
S 54 78
S 58 62
S 22 18
S 67 3
S 37 6
S 11 10
S 51 61
S 78 54
S 9 3
S 10 2
S 49 51
S 20 68
S 72 19
S 30 8
S 52 14
S 36 69
S 62 73
S 24 35
S 30 61
S 79 26
S 32 22
S 18 45
S 65 79
S 61 68
S 56 62
S 67 41
S 64 9
S 51 12
S 54 78
S 3 32
S 62 68
S 66 23
S 5 64
S 62 69
S 26 75
S 23 39
S 51 30
S 10 55
S 35 77
S 5 46
S 17 64
S 41 78
S 65 9
S 62 47
S 60 1
S 59 41
S 49 20
S 24 26
S 42 48
S 5 32
S 22 76
S 58 43
S 38 77
S 78 61
S 73 6
S 53 55
S 27 30
S 5 64
S 48 36
S 55 37
S 8 59
S 35 77
S 32 38
S 11 61
S 65 71
S 27 70
S 61 72
S 16 59
S 32 76
S 2 10
S 28 66
S 48 37
S 39 56
S 62 69
S 73 62
S 75 51
S 21 18
S 1 65
S 19 1
S 22 42
S 28 76
S 34 30
S 30 41
S 71 73
S 53 7
S 45 18
S 69 8
S 16 45
S 19 23
S 70 23
S 25 39
S 25 60
S 36 76
S 37 15
S 22 32
S 42 69
S 11 21
S 9 11
S 21 3
S 42 22
S 23 59
S 63 5
S 5 69
S 6 37
S 14 80
S 8 54
S 16 45
S 35 68
S 73 6
S 17 31
S 53 58
S 11 53
S 55 54
S 1 66
S 60 66
S 75 26
S 51 58
S 21 1
S 29 61
S 43 28
S 21 15
S 34 56
S 7 53
S 6 48
S 59 76
S 55 59
S 30 2
S 14 42
S 35 68
S 1 53
S 25 66
S 54 8
S 78 11
S 19 72
S 50 46
S 29 57
S 10 67
S 3 59
S 14 38
S 62 58
S 1 38
S 21 14
S 75 48
S 72 61
S 63 68
S 79 72
S 74 56
S 53 59
S 62 33
S 5 51
S 41 67
S 42 14
S 7 8
S 27 35
S 59 55
S 15 67
S 69 51
S 22 45
S 28 6
S 60 19
S 39 15
S 5 80
S 76 16
S 11 76
S 10 80
S 28 66
S 63 71
S 60 61
S 48 42
S 66 11
S 59 55
S 29 61
S 76 75
S 14 40
S 11 72
S 17 70
S 38 49
S 13 51
S 72 76
S 33 51
S 51 34
S 59 53
S 80 27
S 21 17
S 72 75
S 55 35
S 63 17
S 25 44
S 51 68
S 41 69
S 72 61
S 21 14
S 74 80
S 41 80
S 78 45
S 67 57
S 33 9
S 19 72
S 31 2
S 51 77
S 17 43
S 53 1
S 68 52
S 35 33
S 26 3
S 58 43
S 62 68
S 32 76
S 59 74
S 27 80
S 51 18
S 27 22
S 48 55
S 19 72
S 32 30
S 40 75
S 65 1
S 19 20
S 62 16
S 51 60
S 46 74
S 34 73
S 66 69
S 66 65
S 30 2
S 63 68
S 3 15
S 47 62
S 14 19
S 68 76
S 22 27
S 35 40
S 71 73
S 43 71
S 57 19
S 40 43
S 58 44
S 9 33
S 5 42
S 63 68
S 43 54
S 21 43
S 62 68
S 68 57
S 57 29
S 37 30
S 15 62
S 79 26
S 68 58
S 48 75
S 67 15
S 80 14
S 66 11
S 18 40
S 40 9
S 17 41
S 69 8
S 36 4
S 68 58
S 68 20
S 58 71
S 14 16
S 22 58
S 43 67
S 28 36
S 18 51
S 80 33
S 26 28
S 5 53
S 52 63
S 61 11
S 79 26
S 43 54
S 45 78
S 75 9
S 77 51
S 76 73
S 73 80
S 45 66
S 24 15
S 58 29
S 52 51
S 73 59
S 62 16
S 65 1
S 42 69
S 60 57
S 19 5
S 9 11
S 72 19
S 5 54
S 57 76
S 8 60
S 51 26
S 45 80
S 35 4
S 34 23
S 78 30
S 43 78
S 67 6
S 63 52
S 57 15
S 57 73
S 24 12
S 36 16
S 9 11
S 22 58
S 43 72
S 47 79
S 17 35
S 1 34
S 60 19
S 4 36
S 20 21
S 73 60
S 16 23
S 7 21
S 9 79
S 30 41
S 3 71
S 56 36
S 59 54
S 53 8
S 42 64
S 8 74
S 58 62
S 13 16
S 35 24
S 39 13
S 30 34
S 79 47
S 67 69
S 20 68
S 8 60
S 8 14
S 60 67
S 60 66
S 31 76
S 6 49
S 40 9
S 21 43
S 62 56
S 45 13
S 3 21
S 54 73
S 11 23
S 16 62
S 63 68
S 72 76
S 15 24
S 48 1
S 42 71
S 2 37
S 22 39
S 53 78
S 45 16
S 47 53
S 14 2
S 16 14
S 19 20
S 37 43
S 27 14
S 30 34
S 76 36
S 26 51
S 19 5
S 71 43
S 6 41
S 42 32
S 78 60
S 12 62
S 31 2
S 10 13
S 69 71
S 47 21
S 30 42
S 67 18
S 61 46
S 43 21
S 10 48
S 8 16
S 67 3
S 22 18
S 8 53
S 76 68
S 57 73
S 67 39
S 75 48
S 74 7
S 46 70
S 67 11
S 2 39
S 28 50
S 74 7
S 65 1
S 15 21
S 25 60
S 18 74
S 50 45
S 37 2
S 36 58
S 45 80
S 30 34
S 55 28
S 11 10
S 45 16
S 26 9
S 6 72
S 64 17
S 28 66
S 26 5
S 25 66
S 25 44
S 7 23
S 48 42
S 46 32
S 61 30
S 11 72
S 20 68
S 61 68
S 31 2
S 17 35
S 37 30
S 2 78
S 47 79
S 75 46
S 38 49
S 39 28
S 58 6
S 5 32
S 35 50
S 62 47
S 31 76
S 21 28
S 24 71
S 62 15
S 73 71
S 21 28
S 4 39
S 31 17
S 59 16
S 8 78
S 38 45
S 72 3
S 16 70
S 73 80
S 62 80
S 37 6
S 60 66
S 46 52
S 53 5
S 43 67
S 27 36
S 24 72
S 78 8
S 12 24
S 37 66
S 47 36
S 66 37
S 72 43
S 64 3
S 28 22
S 67 41
S 8 71
S 6 61
S 42 7
S 54 8
S 59 77
S 18 58
S 32 42
S 32 3
S 77 68
S 51 33
S 43 74
S 41 1
S 43 58
S 24 1
S 44 58
S 55 1
S 51 61
S 39 56
S 17 33
S 21 62
S 14 80
S 70 50
S 40 74
S 12 66
S 63 17
S 21 43
S 25 78
S 22 6
S 15 67
S 32 5
S 9 40
S 67 69
S 62 12
S 55 10
S 54 48
S 10 44
S 64 7
S 51 34
S 21 11
S 60 23
S 18 40
S 35 46
S 39 4
S 1 11
S 43 21
S 79 74
S 31 74
S 21 36
S 54 10
S 75 8
S 28 47
S 62 79
S 75 9
S 64 6
S 54 48
S 11 1
S 68 77
S 32 22
S 76 31
S 27 14
S 21 3
S 25 58
S 61 56
S 76 48
S 19 14
S 51 75
S 22 2
S 65 23
S 10 13
S 9 75
S 76 69
S 65 72
S 28 47
S 63 71
S 42 48
S 72 75
S 58 18
S 22 32
S 16 71
S 59 73
S 38 49
S 27 14
S 37 21
S 27 80
S 61 72
S 41 30
S 37 21
S 45 67
S 77 38
S 2 31
S 39 22
S 71 69
S 44 10
S 62 33
S 62 29
S 48 36
S 17 33
S 54 74
S 51 75
S 28 4
S 34 6
S 69 79
S 21 57
S 14 40
S 55 53
S 14 47
S 34 51
S 48 10
S 58 38
S 80 14
S 35 55
S 36 26
S 80 46
S 45 54
S 66 60
S 24 68
S 56 5
S 75 46
S 5 32
S 7 42
S 21 43
S 6 67
S 56 34
S 24 58
S 14 73
S 45 57
S 43 40
S 59 3
S 17 21
S 72 3
S 80 73
S 76 36
S 66 70
S 7 3
S 35 17
S 76 59
S 56 48
S 56 30
S 41 67
S 36 48
S 59 19
S 73 12
S 41 15
S 25 59
S 51 39
S 10 13
S 63 40
S 10 79
S 23 59
S 67 23
S 32 7
S 9 37
S 5 43
S 68 35
S 18 21
S 33 61
S 55 10
S 52 32
S 73 14
S 14 11
S 68 58
S 6 49
S 1 38
S 69 57
S 39 22
S 45 54
S 61 69
S 14 47
S 57 68
S 78 53
S 69 79
S 78 71
S 61 60
S 20 57
S 76 57
S 44 10
S 41 72
S 5 46
S 7 75
S 64 32
S 58 33
S 26 42
S 63 28
S 80 10
S 26 42
S 48 55
S 18 24
S 48 1
S 23 79
S 38 49
S 30 32
S 28 72
S 76 72
S 41 14
S 37 50
S 63 71
S 62 67
S 60 57
S 78 18
S 46 35
S 47 8
S 7 53
S 9 35
S 34 9
S 3 59
S 20 21
S 48 76
S 36 6
S 14 17
S 66 19
S 49 68
S 67 62
S 73 76
S 67 39
S 60 61
S 38 49
S 37 50
S 2 15
S 53 58
S 22 12
S 7 23
S 60 51
S 59 23
S 41 59
S 8 80
S 71 57
S 26 72
S 22 42
S 21 18
S 11 67
S 16 14
S 50 28
S 59 74
S 51 18
S 77 73
S 54 45
S 3 9
S 13 65
S 32 63
S 13 45
S 60 8
S 8 59
S 9 75
S 4 65
S 35 33
S 46 56
S 61 6
S 10 79
S 47 53
S 9 40
S 57 69
S 46 52
S 62 47
S 44 41
S 72 1
S 14 29
S 44 10
S 8 54
S 22 12
S 76 16
S 24 12
S 65 71
S 28 63
S 21 11
S 77 39
S 56 59
S 45 18
S 78 22
S 14 73
S 19 20
S 73 60
S 22 18
S 49 37
S 58 22
S 7 23
S 76 22
S 8 14
S 11 61
S 10 13
S 6 64
S 5 64
S 10 1
S 32 52
S 14 42
S 76 16
S 59 53
S 4 35
S 15 13
S 60 57
S 21 43
S 64 6
S 23 67
S 63 32
S 33 17
S 8 71
S 47 41
S 42 14
S 59 56
S 54 65
S 38 45
S 54 45
S 72 79
S 16 62
S 42 12
S 3 44
S 47 54
S 32 63
S 16 59
S 50 70
S 41 14
S 28 76
S 8 16
S 21 11
S 27 70
S 66 77
S 49 68
S 3 26
S 58 4
S 65 66
S 78 45
S 54 73
S 42 22
S 6 49
S 28 22
S 7 32
S 68 51
S 61 78
S 4 76
S 51 60
S 51 68
S 30 51
S 57 20
S 25 44
S 9 11
S 51 13
S 28 10
S 62 60
S 8 14
S 53 78
S 4 11
S 27 59
S 38 77
S 69 76
S 23 22
S 24 15
S 43 74
S 80 45
S 9 34
S 47 41
S 46 52
S 19 20
S 7 42
S 32 30
S 11 66
S 9 26
S 76 43
S 19 7
S 32 38
S 51 52
S 48 55
S 27 22
S 70 66
S 11 1
S 69 41
S 21 11
S 57 60
S 66 69
S 2 11
S 8 71
S 21 15
S 46 35
S 35 50
S 25 66
S 73 76
S 41 17
S 51 39
S 58 43
S 61 8
S 41 80
S 21 36
S 16 14
S 21 57
S 73 77
S 72 79
S 21 46
S 78 30
S 12 66
S 46 80
S 36 47
S 63 68
S 58 7
S 15 59
S 2 22
S 72 1
S 47 8
S 28 63
S 16 23
S 60 5
S 36 28
S 28 72
S 33 2
S 60 23
S 22 49
S 54 48
S 23 15
S 52 43
S 39 62
S 11 23
S 27 30
S 72 65
S 66 59
S 46 70
S 33 62
S 10 79
S 22 23
S 39 25
S 73 30
S 42 33
S 76 72
S 40 38
S 28 25
S 65 80
S 50 45
S 8 80
S 5 54
S 13 24
S 52 61
S 16 8
S 2 22
S 52 43
S 45 66
S 36 69
S 75 42
S 45 18
S 60 5
S 54 16
S 58 76
S 6 41
S 59 3
S 71 63
S 69 76
S 18 24
S 50 37
S 47 62
S 44 25
S 59 45
S 67 16
S 56 23
S 29 59
S 41 30
S 76 11
S 35 46
S 3 64
S 37 57
S 38 1
S 43 21
S 65 23
S 35 17
S 9 11
S 9 35
S 66 19
S 2 75
S 74 41
S 39 15
S 73 60
S 67 11
S 35 43
S 57 45
S 6 28
S 35 17
S 39 30
S 21 46
S 39 30
S 39 2
S 39 42
S 58 62
S 78 18
S 68 25
S 50 45
S 42 65
S 50 15
S 7 64
S 8 33
S 57 37
S 34 30
S 23 60
S 27 22
S 77 66
S 10 55
S 40 9
S 33 51
S 77 66
S 9 71
S 73 54
S 67 45
S 44 53
S 1 60
S 49 6
S 12 47
S 76 11
S 70 50
S 67 16
S 5 64
S 14 29
S 63 71
S 4 39
S 36 6
S 58 53
S 41 80
S 76 80
S 6 12
S 10 13
S 35 62
S 1 71
S 76 28
S 49 37
S 5 53
S 24 72
S 29 14
S 70 50
S 22 28
S 75 39
S 73 54
S 80 46
S 1 19
S 42 30
S 41 47
S 40 18
S 58 71
S 72 27
S 24 72
S 79 26
S 66 1
S 70 41
S 74 40
S 74 59
S 33 17
S 5 51
S 67 23
S 57 19
S 10 62
S 8 54
S 29 33
S 56 39
S 35 46
S 19 29
S 66 60
S 51 18
S 69 36
S 4 76
S 24 30
S 14 73
S 68 57
S 55 34
S 55 35
S 10 54
S 59 19
S 74 40
S 79 26
S 73 6
S 56 34
S 57 71
S 60 19
S 41 15
S 67 72
S 69 62
S 55 1
S 21 62
S 75 21
S 51 2
S 62 33
S 5 44
S 65 72
S 7 64
S 51 58
S 51 60
S 1 66
S 17 21
S 70 27
S 58 65
S 66 1
S 77 59
S 14 16
S 40 43
S 8 74
S 22 6
S 12 24
S 10 79
S 44 62
S 9 3
S 5 63
S 76 3
S 66 45
S 59 76
S 61 46
S 68 51
S 36 48
S 67 45
S 30 42
S 61 30
S 41 17
S 66 45
S 42 69
S 10 79
S 51 60
S 56 39
S 51 61
S 41 74
S 31 74
S 63 70
S 27 80
S 67 4
S 70 23
S 38 58
S 47 62
S 41 78
S 66 70
S 79 26
S 73 77
S 69 76
S 38 77
S 65 66
S 39 51
S 35 2
S 27 22
S 1 19
S 50 54
S 18 3
S 57 67
S 21 37
S 35 46
S 62 69
S 24 20
S 3 32
S 76 3
S 4 36
S 80 33
S 76 72
S 60 78
S 53 55
S 10 31
S 7 8
S 5 63
S 33 51
S 19 57
S 22 45
S 6 12
S 59 41
S 18 67
S 68 62
S 77 35
S 35 17
S 43 28
S 23 44
S 69 41
S 24 58
S 30 56
S 23 44
S 33 35
S 8 61
S 16 59
S 51 61
S 11 1
S 44 23
S 42 75
S 45 22
S 76 52
S 62 80
S 20 79
S 1 71
S 17 14
S 65 71
S 44 46
S 51 74
S 41 59
S 67 62
S 48 6
S 10 67
S 26 5
S 51 13
S 22 39
S 22 18
S 59 23
S 64 17
S 57 67
S 74 43
S 41 59
S 56 74
S 68 52
S 76 3
S 67 16
S 6 72
S 73 62
S 6 61
S 11 21
S 63 70
S 30 1
S 72 75
S 41 70
S 71 69
S 11 21
S 70 9
S 74 43
S 2 39
S 46 74
S 20 49
S 69 36
S 71 6
S 12 29
S 26 23
S 68 64
S 48 42
S 30 56
S 18 51
S 59 29
S 60 51
S 20 57
S 42 32
S 46 44
S 27 61
S 76 43
S 67 16
S 18 3
S 55 28
S 11 61
S 64 3
S 32 38
S 78 2
S 12 42
S 36 6
S 28 56
S 24 68
S 30 2
S 6 61
S 74 54
S 74 56
S 17 64
S 5 80
S 26 24
S 33 80
S 49 22
S 73 54
S 66 59
S 63 2
S 5 51
S 48 54
S 58 22
S 12 30
S 42 32
S 1 21
S 34 56
S 50 37
S 70 51
S 36 28
S 61 33
S 68 77
S 41 44
S 60 8
S 29 58
S 32 42
S 52 14
S 79 62
S 45 50
S 58 65
S 16 59
S 2 51
S 44 10
S 39 25
S 69 41
S 65 66
S 22 78
S 62 39
S 43 72
S 58 68
S 44 5
S 22 45
S 2 11
S 59 53
S 17 21
S 36 56
S 15 13
S 52 7
S 66 45
S 71 43
S 8 16
S 2 75
S 73 62
S 67 18
S 41 69
S 12 62
S 30 42
S 10 44
S 35 33
S 67 21
S 58 71
S 21 3
S 38 45
S 39 51
S 6 41
S 77 66
S 19 1
S 15 57
S 1 34
S 67 39
S 2 14
S 66 78
S 76 28
S 74 7
S 1 11
S 43 52
S 42 14
S 75 46
S 53 8
S 46 61
S 28 21
S 12 66
S 2 14
S 47 14
S 5 80
S 59 53
S 78 53
S 30 1
S 35 43
S 54 55
S 44 25
S 18 78
S 60 51
S 21 11
S 60 5
S 60 57
S 45 59
S 58 33
S 56 23
S 16 76
S 60 66
S 35 70
S 36 27
S 52 76
S 30 2
S 49 20
S 14 16
S 57 73
S 5 46
S 16 23
S 72 28
S 9 37
S 76 4
S 71 65
S 39 25
S 14 52
S 54 74
S 75 21
S 2 35
S 9 33
S 55 53
S 24 6
S 6 28
S 14 27
S 44 23
S 43 58
S 46 80
S 6 61
S 46 32
S 18 67
S 65 80
S 6 79
S 68 76
S 70 27
S 75 9
S 30 41
S 13 10
S 19 5
S 16 70
S 7 58
S 50 46
S 69 63
S 33 8
S 11 61
S 72 65
S 67 69
S 13 24
S 28 22
S 59 25
S 64 7
S 57 22
S 67 78
S 33 62
S 33 62
S 51 74
S 2 15
S 56 39
S 11 2
S 32 5
S 3 54
S 19 29
S 68 57
S 45 57
S 24 30
S 79 23
S 70 63
S 65 79
S 69 5
S 62 29
S 42 39
S 55 28
S 34 1
S 41 69
S 43 65
S 26 51
S 67 41
S 14 41
S 44 46
S 3 71
S 74 56
S 2 39
S 80 27
S 80 62
S 48 76
S 67 72
S 33 9
S 64 3
S 21 37
S 6 28
S 5 69
S 24 68
S 54 16
S 65 1
S 41 14
S 10 2
S 56 62
S 6 67
S 67 6
S 7 64
S 59 15
S 54 5
S 1 11
S 26 72
S 79 13
S 50 54
S 13 10
S 21 47
S 67 78
S 75 9
S 41 59
S 37 66
S 76 43
S 66 60
S 70 16
S 66 45
S 15 59
S 53 5
S 19 1
S 59 19
S 8 70
S 61 56
S 80 73
S 45 38
S 75 9
S 23 66
S 20 69
S 46 80
S 56 59
S 74 40
S 6 48
S 41 14
S 62 73
S 66 65
S 59 76
S 62 10
S 71 57
S 29 57
S 76 16
S 18 51
S 74 56
S 39 30
S 72 41
S 73 62
S 61 6
S 11 61
S 54 50
S 27 35
S 71 43
S 64 3
S 75 76
S 33 80
S 4 58
S 21 7
S 65 54
S 78 54
S 35 77
S 6 34
S 72 79
S 69 57
S 71 58
S 71 6
S 5 42
S 66 11
S 53 7
S 6 48
S 70 8
S 58 53
S 54 8
S 64 32
S 27 30
S 25 58
S 21 57
S 76 32
S 6 49
S 55 34
S 41 75
S 72 43
S 51 18
S 74 7
S 3 32
S 70 46
S 43 58
S 62 79
S 29 25
S 6 49
S 10 2
S 73 57
S 67 78
S 51 77
S 16 71
S 58 33
S 38 49
S 63 71
S 35 46
S 34 37
S 2 78
S 49 68
S 3 18
S 8 78
S 71 16
S 5 64
S 55 35
S 49 51
S 67 6
S 59 66
S 62 44
S 75 46
S 44 25
S 43 50
S 25 59
S 15 67
S 6 22
S 34 6
S 8 61
S 33 69
S 76 58
S 66 28
S 59 76
S 55 21
S 27 61
S 43 75
S 41 59
S 53 47
S 26 5
S 8 14
S 75 46
S 66 37
S 68 25
S 63 2
S 67 39
S 14 19
S 28 11
S 41 30
S 65 71
S 19 72
S 3 76
S 4 28
S 19 60
S 33 9
S 21 37
S 26 36
S 19 20
S 68 35
S 69 71
S 70 16
S 13 39
S 71 16
S 1 66
S 12 51
S 2 51
S 71 79
S 62 56
S 35 4
S 37 6
S 32 5
S 53 11
S 17 64
S 21 55
S 15 39
S 46 66
S 67 10
S 74 31
S 74 43
S 8 78
S 69 51
S 64 6
S 61 8
S 46 56
S 64 68
S 75 40
S 11 23
S 7 42
S 5 69
S 6 22
S 42 65
S 11 21
S 7 19
S 28 72
S 10 1
S 37 34
S 74 46
S 37 69
S 63 52
S 45 22
S 30 42
S 13 16
S 32 5
S 32 42
S 57 15
S 43 72
S 45 18
S 62 24
S 48 42
S 23 22
S 2 33
S 10 11
S 34 23
S 58 51
S 49 72
S 51 39
S 78 54
S 53 51
S 11 1
S 23 56
S 56 23
S 65 23
S 17 14
S 46 44
S 80 76
S 49 27
S 14 63
S 73 16
S 48 10
S 20 68
S 1 34
S 38 1
S 38 14
S 1 21
S 7 74
S 22 76
S 37 69
S 17 43
S 64 2
S 16 71
S 35 77
S 80 14
S 15 39
S 21 55
S 53 11
S 33 62
S 49 70
S 1 21
S 13 16
S 28 47
S 37 9
S 76 31
S 43 5
S 73 6
S 39 56
S 72 65
S 79 47
S 37 33
S 66 23
S 47 54
S 14 27
S 66 13
S 12 29
S 6 49
S 9 40
S 78 2
S 23 79
S 73 14
S 22 49
S 19 1
S 1 10
S 36 4
S 20 69
S 55 10
S 8 47
S 26 75
S 36 28
S 39 22
S 3 9
S 51 53
S 1 11
S 76 3
S 43 52
S 59 73
S 6 64
S 76 3
S 14 63
S 45 13
S 2 75
S 7 32
S 69 37
S 1 38
S 12 50
S 7 64
S 29 25
S 46 76
S 79 47
S 76 32
S 43 76
S 46 80
S 51 60
S 13 24
S 9 33
S 28 47
S 38 58
S 24 26
S 78 2
S 70 9
S 67 21
S 70 63
S 17 14
S 67 11
S 78 43
S 29 61
S 23 19
S 13 65
S 75 2
S 57 37
S 57 76
S 51 24
S 60 8
S 11 72
S 35 55
S 43 67
S 3 72
S 16 13
S 63 11
S 8 60
S 65 80
S 75 26
S 28 21
S 49 68
S 43 76
S 32 46
S 30 37
S 2 30
S 80 45
S 16 13
S 49 6
S 65 72
S 18 67
S 71 73
S 33 62
S 23 39
S 25 24
S 16 76
S 57 69
S 52 46
S 9 3
S 23 47
S 11 53
S 31 74
S 21 57
S 4 11
S 60 57
S 72 1
S 70 9
S 25 44
S 75 51
S 15 23
S 75 76
S 10 55
S 30 39
S 43 76
S 30 37
S 2 33
S 15 67
S 70 35
S 50 46
S 25 78
