90 1726 1000
32 49 90 50 9 59 16 40 83 53 26 51 6 96 27 44 66 77 38 86 70 69 35 17 39 67 95 43 23 61 4 80 2 37 5 92 62 91 79 46 82 20 74 25 41 99 56 18 63 48 60 45 84 54 36 72 65 68 22 52 8 0 55 89 11 24 33 71 31 34 87 19 85 21 98 58 76 3 10 88 42 30 13 78 94 93 29 81 28 14
80 2
77 21
36 53
36 6
24 3
29 58
8 11
68 12
73 20
80 76
18 57
18 85
4 89
42 17
29 11
84 87
75 45
61 26
61 88
32 51
68 35
66 21
8 18
8 37
20 74
77 28
42 6
78 54
3 88
78 33
55 85
34 20
83 55
55 9
32 76
52 64
21 58
43 5
70 88
14 87
6 15
6 7
35 87
4 74
56 75
36 14
62 70
43 51
53 25
8 41
75 59
52 86
90 33
30 33
18 15
25 22
24 48
12 47
56 89
78 28
52 45
47 86
32 41
79 54
4 38
44 64
63 60
52 9
31 54
66 25
77 60
52 22
56 76
52 11
14 16
81 42
68 86
90 86
45 64
63 25
16 9
84 20
65 69
12 5
43 69
60 41
30 45
11 86
52 47
81 33
81 45
32 21
62 40
76 45
4 9
76 85
85 57
50 55
81 21
27 74
29 73
26 24
68 60
23 14
57 86
27 3
31 15
8 27
53 24
25 47
53 3
62 48
34 1
73 65
73 67
61 16
72 90
43 47
63 33
59 39
80 22
32 88
78 88
3 7
72 74
81 13
48 49
19 8
68 85
34 79
32 59
32 74
32 24
45 84
22 74
14 3
82 11
42 65
53 26
21 40
3 86
43 22
12 37
23 83
61 13
63 21
23 76
30 39
42 24
31 32
21 17
55 5
82 84
4 14
26 27
63 10
82 37
83 79
26 44
71 44
50 48
27 11
37 20
43 85
82 46
78 66
33 64
68 16
10 89
46 49
43 29
4 2
82 26
72 80
27 86
90 80
26 45
76 60
50 20
82 57
4 60
16 65
78 21
10 54
14 11
4 75
73 44
4 33
53 28
71 16
26 37
14 1
18 6
89 6
52 21
2 74
68 64
27 58
14 79
73 89
81 38
14 5
27 65
85 13
35 33
38 40
34 47
24 27
40 7
45 39
52 3
18 41
61 57
53 5
50 66
29 67
52 5
81 17
80 73
77 19
59 30
52 37
19 48
19 46
65 64
85 40
34 12
32 49
53 89
55 16
16 40
14 85
48 69
55 22
71 21
90 39
27 17
68 88
10 20
8 56
80 30
42 88
4 43
80 54
42 70
68 2
51 33
14 65
56 18
43 1
4 52
80 12
18 47
42 7
53 18
90 83
82 30
17 28
72 47
16 74
82 63
32 80
81 2
90 65
66 1
72 70
5 88
14 24
90 2
23 13
36 45
31 61
68 83
78 51
83 45
61 33
35 40
11 33
4 65
26 28
25 10
80 71
46 89
75 6
34 5
22 39
8 55
11 20
35 20
43 15
47 41
84 28
52 15
12 87
59 1
47 65
53 21
10 69
27 88
4 16
19 43
28 20
43 57
56 29
47 17
90 71
85 84
61 24
56 55
42 82
63 41
63 67
30 67
60 64
38 79
35 11
32 81
5 65
32 20
71 58
72 9
75 64
43 18
38 10
70 2
61 55
34 46
23 1
36 80
9 41
2 86
56 37
73 21
47 88
5 58
82 78
56 53
11 39
63 74
8 26
26 84
30 64
61 65
61 2
22 54
32 29
79 73
77 26
25 1
30 25
43 61
27 38
71 28
61 3
72 76
25 3
66 2
71 30
34 73
5 37
68 45
49 86
19 20
81 78
35 76
73 22
56 26
26 13
53 88
82 27
42 3
66 57
77 78
34 37
19 42
77 84
71 48
57 41
71 84
76 67
78 40
85 21
70 54
27 15
77 42
26 85
12 89
84 46
90 9
73 86
13 65
75 84
53 47
5 74
35 53
73 40
48 58
52 67
61 15
88 7
9 58
31 6
4 21
12 54
83 64
61 10
44 7
30 41
83 50
77 66
35 63
72 67
79 58
30 69
72 8
52 12
13 89
77 9
77 8
85 27
45 73
5 24
3 41
83 18
71 82
3 65
68 39
81 25
23 90
46 86
19 81
5 1
59 21
18 60
50 17
40 28
42 37
36 32
14 53
52 49
85 15
32 25
77 24
3 48
76 74
12 49
61 74
74 86
51 89
19 28
72 73
90 5
33 67
29 65
5 38
62 54
72 32
45 15
8 78
47 49
44 60
30 60
60 58
66 9
4 26
26 11
72 3
84 40
39 17
38 21
53 54
60 7
31 8
83 20
30 53
14 88
77 32
51 54
88 17
88 69
62 65
7 58
8 1
63 87
30 66
8 7
65 86
61 46
19 49
87 13
18 89
80 52
51 17
62 86
72 1
44 39
4 64
73 88
52 78
44 15
82 33
77 73
23 47
80 65
1 74
35 49
72 82
61 27
82 2
13 58
72 45
77 1
50 79
48 20
1 58
24 21
68 33
43 30
12 57
70 58
63 20
31 66
38 84
38 67
22 7
50 40
31 83
82 40
80 66
81 40
24 66
45 21
53 17
22 44
30 21
68 73
40 20
1 41
27 20
8 40
50 41
36 4
27 84
61 34
54 69
27 16
77 44
85 86
52 59
43 78
82 24
32 87
56 20
52 6
84 86
12 64
44 67
64 41
81 86
47 6
78 44
27 21
52 25
56 22
76 84
38 70
55 38
77 4
72 35
77 89
45 48
84 33
87 40
53 22
2 6
14 2
32 84
60 89
34 88
5 33
1 54
63 49
36 16
71 59
68 17
55 40
1 65
3 46
31 79
63 3
45 20
8 2
62 58
32 60
70 67
56 78
85 88
12 45
59 78
12 28
35 65
50 21
14 28
82 76
35 14
43 50
87 60
65 6
19 82
42 76
48 74
23 43
35 46
19 10
29 22
90 24
52 16
75 7
40 64
53 10
76 58
75 24
29 20
88 15
87 62
29 6
68 57
14 84
75 74
82 55
32 5
36 88
34 87
68 52
43 63
4 6
70 20
53 20
81 53
24 64
77 18
59 70
90 59
31 48
83 63
45 54
51 15
50 18
8 5
1 62
5 39
62 44
10 28
32 64
30 24
31 20
9 51
54 41
72 28
83 11
75 65
52 17
83 67
54 17
66 44
87 46
73 64
31 7
30 11
35 67
38 58
24 85
22 40
31 53
24 57
53 65
62 20
62 2
45 38
54 67
15 86
71 51
77 61
77 29
83 54
4 88
4 55
59 51
16 57
72 34
6 20
11 64
46 6
26 74
45 1
77 2
87 1
8 12
8 87
56 59
10 13
72 77
23 24
89 65
87 58
32 16
60 74
31 2
80 85
18 49
36 58
90 55
5 44
71 45
72 10
56 73
71 1
81 34
59 69
35 79
23 57
12 33
5 28
80 69
71 35
12 82
57 46
37 13
82 74
72 33
31 4
52 38
37 69
45 16
17 20
33 7
77 50
90 49
25 49
76 62
65 41
5 29
72 43
79 44
54 49
8 22
53 45
4 81
77 79
14 37
61 62
5 48
43 71
90 11
21 33
14 18
63 18
82 67
82 79
43 16
23 60
81 7
44 70
71 53
12 13
50 6
55 64
46 41
10 3
36 64
44 40
90 81
90 52
42 29
30 63
82 17
56 63
8 57
31 28
42 45
18 13
50 78
35 16
24 65
61 9
87 15
83 61
37 74
77 74
17 64
55 58
49 7
27 28
8 67
56 2
12 48
61 11
82 65
14 89
35 60
8 80
35 88
72 13
90 3
30 48
9 33
14 49
23 82
51 88
19 9
29 1
18 29
39 51
25 60
53 15
18 7
34 6
4 82
76 57
81 14
16 73
19 7
84 9
71 87
18 66
50 53
47 69
75 46
85 6
19 36
23 28
31 12
26 47
87 33
4 13
63 79
42 59
31 75
47 2
3 13
71 65
8 70
37 48
52 20
44 89
61 51
80 10
18 74
45 65
55 66
52 79
79 51
78 7
56 41
36 50
19 18
90 89
90 63
45 28
77 30
13 57
13 7
23 40
26 60
57 28
78 25
65 48
25 57
34 78
66 74
35 70
16 2
72 55
57 2
81 55
34 30
8 58
81 24
44 17
54 48
52 53
72 23
34 16
53 74
32 50
55 48
21 74
84 60
12 22
12 3
35 28
25 64
85 69
55 6
48 67
72 30
61 69
30 49
90 64
1 89
36 86
29 51
19 59
72 11
76 29
43 26
76 70
42 85
61 18
21 67
80 84
90 38
60 33
56 34
43 67
46 65
32 52
85 87
71 49
90 51
45 7
84 22
83 88
71 34
12 67
43 82
66 6
79 70
36 29
77 13
23 67
82 49
59 87
54 40
34 48
16 15
64 67
66 11
73 15
68 21
75 5
83 12
43 66
42 13
83 37
47 33
26 33
90 37
1 57
82 5
37 28
34 84
84 88
89 74
43 9
23 51
70 64
61 12
51 48
7 20
26 67
37 44
81 18
24 46
14 7
83 56
66 46
8 59
81 71
31 37
11 6
83 86
57 6
38 88
14 29
31 43
81 60
78 64
27 6
56 85
21 64
64 58
56 40
52 46
19 69
4 47
5 69
23 53
35 47
26 7
4 8
79 20
21 51
76 20
79 6
24 16
12 44
24 10
14 46
60 46
50 64
59 44
30 10
56 10
18 20
30 18
43 65
8 45
78 74
38 62
4 25
12 58
34 63
25 70
55 78
35 44
32 1
32 6
30 51
8 38
75 58
24 73
72 68
3 64
83 6
29 25
77 86
9 17
71 42
51 6
52 76
81 89
19 78
52 57
29 49
80 40
38 49
71 3
19 55
83 15
21 65
63 22
34 58
85 74
71 78
5 3
12 66
72 36
75 69
34 13
83 75
60 6
35 66
82 69
70 48
43 60
12 15
83 51
83 80
42 11
4 11
21 60
59 46
5 45
85 20
1 2
4 22
75 17
19 90
19 3
76 40
27 13
39 7
61 29
34 41
5 15
38 51
51 65
42 1
50 33
9 28
75 11
30 57
87 37
45 74
36 73
61 7
22 6
53 66
52 73
46 64
47 7
84 39
19 34
72 57
2 64
76 79
19 52
79 2
12 40
71 61
25 27
76 1
45 22
75 40
4 59
23 7
13 40
23 64
57 54
22 13
11 2
73 11
8 16
25 11
1 13
19 24
82 86
14 9
8 43
50 60
61 86
61 17
42 79
79 21
52 26
43 21
18 62
79 57
77 34
62 11
10 58
42 55
59 3
31 27
26 65
59 84
32 8
55 29
44 20
30 85
56 88
81 46
4 63
36 49
6 74
59 63
52 74
90 75
42 26
8 24
36 79
61 70
53 49
68 80
78 11
30 70
34 62
60 28
58 69
25 39
39 33
35 55
53 16
34 82
59 2
26 49
37 67
5 22
66 17
18 45
66 28
44 33
32 48
27 44
70 49
87 64
39 74
24 9
89 86
57 15
80 51
16 49
10 41
68 76
80 38
80 9
40 41
59 7
32 75
9 65
78 47
44 88
63 1
81 50
8 47
80 7
19 56
55 3
11 58
3 69
90 69
89 41
23 30
68 71
60 57
75 60
30 15
42 41
31 46
42 27
56 13
80 46
66 15
81 66
78 84
8 79
63 48
5 17
59 66
33 58
56 61
50 45
26 88
44 86
19 33
50 85
60 86
53 60
8 52
78 65
43 46
50 26
43 40
73 54
25 48
1 21
87 57
50 37
25 6
36 33
8 86
81 65
18 1
25 85
45 62
50 70
24 49
23 70
31 89
82 22
14 44
53 69
36 61
61 82
36 55
31 13
82 89
31 78
90 54
90 74
71 37
11 69
68 61
78 24
14 58
35 57
53 41
37 88
4 58
14 51
38 89
3 9
36 76
55 20
25 44
25 38
38 3
56 64
58 67
26 89
22 69
84 37
83 60
17 86
39 41
61 75
36 59
42 69
63 5
36 67
78 41
56 49
35 85
34 24
29 27
85 47
31 38
24 15
83 46
80 78
50 44
68 62
90 34
56 84
1 11
66 49
42 89
45 67
1 40
1 48
24 47
36 21
50 65
28 67
13 54
54 28
50 49
76 10
32 55
3 28
72 78
47 58
11 60
19 89
2 49
68 30
59 24
30 55
83 57
74 58
83 48
33 28
36 51
23 48
24 62
70 6
73 49
66 69
72 38
90 1
8 83
9 86
36 83
34 55
44 13
39 88
81 28
52 88
14 42
26 54
16 39
80 82
25 20
19 61
33 54
10 44
62 33
47 21
12 11
8 89
83 25
18 87
28 74
35 7
66 79
11 37
88 74
51 64
80 21
16 47
86 67
11 21
37 57
23 89
85 62
31 80
10 86
56 45
12 26
80 42
4 80
87 47
51 28
16 64
63 45
65 15
88 65
90 58
42 73
36 52
42 25
33 6
90 18
53 40
77 52
6 69
29 40
9 2
52 42
36 44
77 81
68 9
22 57
1 46
32 2
63 16
31 56
21 48
68 3
29 60
90 85
78 16
68 29
63 26
16 7
30 20
26 10
78 27
63 58
76 64
36 41
46 28
71 40
62 67
80 74
4 85
1 10
78 37
54 74
28 58
78 73
75 28
17 74
68 51
53 87
66 16
24 11
8 17
36 8
57 64
68 14
71 85
60 51
45 49
43 7
23 49
30 46
10 46
42 44
72 31
35 82
32 61
75 49
78 3
43 33
4 1
72 4
18 54
87 39
32 42
36 46
50 3
38 73
71 64
19 63
18 86
2 69
5 62
25 74
62 17
18 5
90 57
80 67
26 15
19 35
54 64
47 67
37 46
37 39
17 67
54 2
27 62
63 85
13 70
5 26
8 85
45 40
43 13
75 37
12 18
45 17
84 2
90 41
52 1
81 16
9 74
43 55
39 67
25 65
80 39
46 48
36 18
24 60
66 45
48 86
90 27
30 44
42 58
61 28
34 15
18 48
30 2
52 54
43 35
85 48
23 44
72 29
50 11
77 76
77 17
55 37
87 9
31 74
51 86
19 45
73 48
66 38
79 88
23 4
79 10
39 54
79 41
77 67
71 13
66 37
12 65
51 69
9 88
48 7
71 57
8 81
8 88
14 55
43 17
19 68
29 74
75 44
61 67
56 51
90 7
87 65
19 54
59 11
76 66
66 3
22 58
38 11
82 85
56 87
19 27
68 8
68 74
72 84
16 1
4 24
23 2
45 79
47 9
43 24
8 34
23 27
66 22
63 17
81 79
29 62
35 84
71 41
80 87
79 11
12 39
79 48
15 67
16 46
9 69
61 22
83 43
34 10
76 65
77 90
5 85
30 73
61 63
77 23
32 30
11 67
32 43
68 47
81 49
4 73
37 15
53 38
18 10
80 48
34 9
29 88
87 48
72 25
73 33
36 34
81 26
13 15
34 14
59 38
8 73
71 50
40 58
52 35
52 39
63 38
50 46
75 47
52 84
18 28
3 33
19 32
23 78
61 42
75 12
75 26
8 30
16 89
29 84
37 7
39 89
14 47
4 15
81 74
89 67
34 45
14 67
76 28
61 5
80 20
81 11
1 44
70 57
77 64
88 28
46 69
24 89
75 67
54 86
66 89
66 85
80 63
70 46
48 6
77 85
85 37
30 6
72 59
40 86
90 42
59 45
80 34
87 70
79 89
77 59
57 33
38 41
3 57
36 71
38 48
82 13
53 64
41 74
18 84
76 22
42 67
80 62
55 1
43 64
38 54
54 7
36 40
29 21
50 84
84 51
71 46
77 36
77 56
43 41
68 65
56 5
32 82
68 66
2 40
79 9
66 70
11 40
14 30
11 89
89 49
29 3
33 89
75 57
19 67
88 48
56 65
35 39
4 3
3 6
80 60
3 49
5 70
83 7
35 74
56 82
36 60
29 64
34 21
4 61
30 17
63 51
20 69
C 24
C 37
C 8
C 33
C 87
C 81
C 26
C 10
C 61
C 53
C 55
C 48
C 61
C 74
C 13
C 48
C 34
C 21
C 28
C 84
C 39
C 17
C 74
C 77
C 70
C 62
C 34
C 28
C 83
C 52
C 54
C 70
C 81
C 17
C 10
C 6
C 64
C 54
C 70
C 23
C 11
C 57
C 49
C 85
C 62
C 49
C 28
C 5
C 31
C 20
C 86
C 62
C 61
C 14
C 4
C 17
C 15
C 41
C 71
C 29
C 22
C 30
C 78
C 69
C 18
C 49
C 40
C 59
C 66
C 32
C 26
C 22
C 48
C 17
C 34
C 49
C 82
C 66
C 78
C 63
C 26
C 73
C 16
C 41
C 3
C 18
C 43
C 63
C 63
C 64
C 49
C 19
C 86
C 53
C 38
C 85
C 58
C 90
C 59
C 65
C 36
C 32
C 55
C 20
C 52
C 70
C 5
C 80
C 57
C 22
C 19
C 6
C 5
C 12
C 18
C 39
C 88
C 2
C 58
C 68
C 35
C 78
C 39
C 33
C 25
C 82
C 88
C 28
C 11
C 87
C 60
C 23
C 12
C 17
C 44
C 44
C 82
C 89
C 89
C 46
C 18
C 78
C 81
C 46
C 86
C 90
C 59
C 55
C 47
C 59
C 17
C 44
C 89
C 89
C 54
C 81
C 31
C 60
C 17
C 1
C 70
C 66
C 68
C 70
C 80
C 85
C 74
C 57
C 54
C 6
C 74
C 26
C 48
C 24
C 64
C 18
C 34
C 31
C 80
C 19
C 48
C 45
C 5
C 87
C 23
C 60
C 63
C 67
C 54
C 88
C 47
C 48
C 90
C 7
C 55
C 2
C 71
C 25
C 70
C 17
C 37
C 60
C 22
C 6
C 46
C 39
C 50
C 16
C 4
C 86
C 27
C 85
C 89
C 26
C 50
C 85
C 10
C 27
C 71
C 69
C 27
C 64
C 43
C 29
C 34
C 60
C 53
C 2
C 7
C 52
C 89
C 18
C 74
C 35
C 8
C 47
C 54
C 80
C 49
C 41
C 83
C 37
C 2
C 72
C 71
C 88
C 42
C 80
C 34
C 49
C 24
C 23
C 21
C 33
C 46
C 12
C 72
C 16
C 65
C 16
C 48
C 16
C 52
C 30
C 90
C 64
C 33
C 61
C 48
C 32
C 23
C 43
C 69
C 74
C 55
C 3
C 87
C 64
C 46
C 56
C 24
C 28
C 67
C 89
C 11
C 80
C 63
C 8
C 24
C 62
C 8
C 47
C 57
C 26
C 62
C 51
C 89
C 69
C 87
C 6
C 47
C 11
C 90
C 59
C 18
C 71
C 71
C 74
C 15
C 54
C 45
C 10
C 89
C 49
C 25
C 69
C 62
C 78
C 19
C 64
C 54
C 1
C 7
C 38
C 11
C 3
C 78
C 10
C 14
C 57
C 35
C 29
C 46
C 68
C 41
C 43
C 23
C 18
C 49
C 51
C 10
C 81
C 60
C 1
C 39
C 5
C 54
C 89
C 55
C 57
C 42
C 70
C 56
C 52
C 6
C 63
C 10
C 47
C 32
C 5
C 87
C 69
C 90
C 75
C 84
C 22
C 79
C 82
C 88
C 85
C 41
C 37
C 77
C 46
C 55
C 77
C 68
C 47
C 34
C 35
C 13
C 53
C 52
C 4
C 87
C 15
C 26
C 1
C 13
C 90
C 40
C 14
C 42
C 12
C 1
C 23
C 16
C 72
C 15
C 38
C 63
C 5
C 52
C 25
C 22
C 20
C 89
C 73
C 64
C 16
C 41
C 14
C 23
C 51
C 60
C 16
C 36
C 32
C 47
C 84
C 42
C 13
C 35
C 72
C 63
C 17
C 63
C 63
C 52
C 27
C 4
C 7
C 4
C 10
C 84
C 18
C 21
C 69
C 69
C 48
C 84
C 43
C 49
C 18
C 42
C 65
C 31
C 85
C 10
C 80
C 6
C 31
C 65
C 82
C 73
C 70
C 8
C 2
C 49
C 73
C 3
C 32
C 19
C 45
C 63
C 52
C 65
C 80
C 59
C 79
C 12
C 36
C 3
C 21
C 84
C 71
C 69
C 32
C 9
C 90
C 58
C 3
C 8
C 20
C 6
C 36
C 12
C 90
C 34
C 21
C 49
C 15
C 55
C 44
C 56
C 54
C 52
C 8
C 22
C 73
C 16
C 77
C 32
C 34
C 22
C 90
C 39
C 29
C 65
C 6
C 9
C 26
C 61
C 51
C 81
C 35
C 37
C 15
C 27
C 28
C 8
C 46
C 22
C 52
C 84
C 54
C 57
C 59
C 15
C 24
C 5
C 71
C 1
C 82
C 60
C 87
C 70
C 32
C 82
C 84
C 31
C 5
C 64
C 22
C 88
C 48
C 40
C 75
C 21
C 46
C 28
C 8
C 41
C 13
C 24
C 49
C 90
C 89
C 70
C 37
C 51
C 56
C 8
C 43
C 1
C 39
C 24
C 17
C 28
C 6
C 36
C 77
C 84
C 14
C 49
C 83
C 28
C 63
C 82
C 80
C 56
C 2
C 40
C 73
C 67
C 9
C 71
C 24
C 30
C 90
C 34
C 73
C 5
C 44
C 4
C 80
C 72
C 65
C 39
C 53
C 67
C 81
C 9
C 66
C 17
C 47
C 15
C 33
C 74
C 44
C 35
C 46
C 23
C 31
C 54
C 45
C 84
C 41
C 60
C 11
C 35
C 56
C 63
C 4
C 76
C 37
C 14
C 84
C 4
C 51
C 5
C 20
C 4
C 17
C 51
C 47
C 44
C 50
C 87
C 76
C 53
C 2
C 46
C 18
C 22
C 84
C 81
C 62
C 41
C 6
C 24
C 27
C 34
C 88
C 15
C 51
C 65
C 59
C 12
C 72
C 77
C 54
C 72
C 58
C 46
C 39
C 32
C 10
C 88
C 71
C 5
C 54
C 48
C 85
C 89
C 20
C 80
C 32
C 42
C 43
C 2
C 79
C 33
C 9
C 57
C 4
C 89
C 1
C 9
C 39
C 60
C 79
C 46
C 30
C 78
C 19
C 29
C 38
C 22
C 62
C 6
C 84
C 8
C 4
C 86
C 25
C 36
C 48
C 24
C 49
C 1
C 5
C 69
C 61
C 37
C 61
C 90
C 31
C 39
C 59
C 90
C 8
C 90
C 61
C 90
C 63
C 74
C 86
C 78
C 49
C 51
C 89
C 54
C 14
C 23
C 65
C 38
C 73
C 23
C 85
C 79
C 47
C 66
C 81
C 56
C 22
C 33
C 8
C 74
C 25
C 4
C 39
C 15
C 83
C 63
C 40
C 72
C 90
C 54
C 1
C 50
C 43
C 86
C 69
C 73
C 48
C 76
C 1
C 82
C 71
C 36
C 49
C 35
C 66
C 45
C 56
C 46
C 18
C 34
C 44
C 65
C 49
C 33
C 80
C 89
C 65
C 65
C 49
C 53
C 89
C 47
C 90
C 80
C 41
C 14
C 28
C 56
C 2
C 34
C 27
C 83
C 80
C 62
C 80
C 38
C 79
C 26
C 23
C 67
C 44
C 56
C 55
C 13
C 70
C 2
C 10
C 7
C 4
C 35
C 13
C 42
C 52
C 49
C 42
C 58
C 87
C 53
C 8
C 85
C 24
C 66
C 34
C 5
C 67
C 52
C 55
C 43
C 9
C 58
C 63
C 25
C 87
C 34
C 22
C 65
C 59
C 10
C 50
C 70
C 42
C 72
C 37
C 68
C 23
C 64
C 7
C 31
C 52
C 9
C 75
C 83
C 14
C 9
C 43
C 47
C 11
C 1
C 82
C 26
C 82
C 31
C 45
C 53
C 90
C 82
C 43
C 8
C 4
C 35
C 77
C 66
C 54
C 84
C 77
C 32
C 43
C 38
C 68
C 1
C 45
C 57
C 69
C 69
C 55
C 69
C 68
C 81
C 65
C 28
C 54
C 11
C 23
C 21
C 59
C 84
C 2
C 53
C 86
C 41
C 17
C 81
C 29
C 40
C 29
C 44
C 37
C 82
C 50
C 86
C 49
C 61
C 3
C 3
C 22
C 71
C 67
C 51
C 51
C 51
C 44
C 1
C 9
C 41
C 34
C 43
C 57
C 20
C 83
C 72
C 72
C 5
C 68
C 87
C 11
C 19
C 87
C 44
C 3
C 49
C 38
C 79
C 49
C 82
C 61
C 75
C 4
C 82
C 48
C 11
C 59
C 48
C 58
C 20
C 82
C 1
C 19
C 51
C 69
C 53
C 76
C 19
C 74
C 62
C 29
C 29
C 73
C 28
C 63
C 62
C 84
C 4
C 66
C 58
C 41
C 25
C 30
C 6
C 4
C 81
C 89
C 10
C 17
C 18
C 87
C 83
C 53
C 12
C 90
C 72
C 25
