80 673 1000
43 2 76 75 62 86 71 30 93 72 14 46 4 27 94 59 70 9 3 31 83 15 61 56 47 38 92 88 40 48 90 80 7 53 73 85 20 99 91 37 8 25 16 1 98 35 78 63 60 57 0 95 64 18 21 32 19 66 54 13 34 79 44 55 33 97 41 89 17 23 36 45 11 26 96 24 10 69 82 81
19 42
44 26
30 50
21 10
80 19
77 62
31 41
40 19
55 42
22 23
78 14
76 23
29 17
11 52
72 68
73 67
31 78
47 27
39 51
9 75
73 51
29 73
56 19
5 20
67 48
37 8
56 17
65 52
58 50
52 60
69 73
1 68
15 68
2 72
31 59
20 27
22 76
71 78
34 8
33 31
45 21
80 11
44 30
25 29
76 21
14 67
47 60
52 9
63 74
23 47
13 8
2 60
18 1
37 2
20 72
50 43
45 59
67 6
62 10
47 46
17 9
2 54
5 48
28 6
19 29
11 55
78 73
18 48
36 14
39 63
46 30
41 32
65 10
52 64
56 18
2 30
25 10
20 24
61 47
33 40
31 16
30 67
47 26
38 52
50 72
62 29
39 8
76 15
17 14
80 12
13 68
45 32
62 26
18 9
46 75
77 47
78 50
58 23
44 63
40 9
16 72
12 35
80 21
37 11
31 55
37 35
46 73
16 51
44 24
22 5
38 74
44 52
14 60
15 72
40 71
70 64
31 63
60 35
50 21
37 79
36 69
23 74
35 10
80 7
40 32
23 16
73 64
47 7
69 34
5 6
19 64
7 27
20 11
1 75
20 53
56 39
44 54
51 32
49 53
53 35
37 26
3 78
40 14
39 67
16 49
62 3
3 41
52 70
74 6
39 21
19 48
61 73
73 12
33 74
15 78
38 69
58 16
62 48
77 23
65 29
66 14
58 29
16 9
33 55
62 24
2 70
62 60
23 42
33 25
29 10
69 43
15 52
69 10
79 54
38 49
60 24
6 75
56 80
52 35
2 51
3 34
31 10
23 11
76 46
76 36
17 51
4 30
14 9
1 43
66 52
77 1
39 72
69 21
69 28
11 29
58 79
19 74
4 71
45 62
4 28
25 69
80 27
56 34
71 29
50 74
74 51
20 67
3 72
59 60
31 74
58 18
45 16
72 54
1 7
38 29
44 19
22 72
57 49
13 42
65 15
33 60
37 32
50 17
12 6
38 28
49 67
27 8
20 39
65 53
16 6
4 8
11 50
69 50
66 67
78 51
8 9
56 8
28 63
80 68
54 53
70 60
61 15
33 78
55 6
40 63
76 59
6 35
5 65
57 75
46 72
36 23
13 9
20 16
18 47
40 28
16 53
56 20
79 17
77 31
33 4
56 43
37 14
62 30
40 42
2 49
24 32
52 42
44 20
18 14
55 59
8 67
4 19
34 21
65 35
50 27
18 41
13 72
31 49
42 8
37 51
61 46
7 14
76 8
7 78
31 37
40 15
15 67
39 57
4 11
7 34
12 55
36 51
62 2
65 20
50 48
37 43
19 43
16 35
26 9
46 54
19 35
76 32
77 35
19 11
23 35
74 10
22 32
78 42
12 17
71 48
77 76
62 63
22 51
25 19
31 1
75 21
66 37
73 74
22 6
22 44
14 6
74 21
33 26
12 70
47 57
74 60
5 69
76 3
71 37
45 37
15 37
5 18
60 32
33 28
73 17
25 42
40 12
18 52
3 59
45 53
4 34
61 16
56 7
47 10
52 32
16 43
38 79
25 73
13 71
19 34
3 60
19 26
44 51
65 11
45 50
9 35
23 29
69 35
61 79
33 19
49 59
22 75
69 64
50 42
60 21
45 67
45 25
29 27
39 70
29 24
31 75
61 43
62 14
46 24
15 14
44 12
58 43
7 30
37 34
80 39
80 26
39 47
44 53
63 67
18 71
22 53
28 24
38 12
65 46
1 51
72 75
2 55
31 71
38 57
20 51
25 1
54 59
13 50
22 47
40 34
32 21
19 60
59 67
78 24
1 35
41 73
15 73
19 53
74 67
30 28
23 32
59 8
26 10
12 79
76 37
36 71
28 54
22 37
61 74
5 39
30 70
77 68
3 46
37 63
65 64
16 55
4 6
33 62
44 72
13 74
40 10
54 27
40 20
72 9
16 7
56 46
60 67
23 46
47 8
19 2
41 64
45 35
1 47
14 21
45 54
38 37
18 66
33 5
33 17
12 54
60 51
1 59
42 64
73 49
19 49
76 31
13 55
11 51
34 46
4 55
11 48
23 6
61 11
61 25
47 41
44 42
78 64
60 75
4 10
45 14
25 16
80 16
11 63
61 24
62 78
70 74
20 6
61 12
33 57
69 75
47 64
7 2
37 27
80 46
16 50
23 73
15 19
57 27
13 7
18 70
19 51
66 64
37 73
42 74
80 9
45 8
41 59
77 69
5 72
25 30
76 48
11 21
19 16
55 52
50 24
78 75
4 78
7 67
38 63
15 54
50 52
58 25
63 68
5 49
78 26
2 59
61 1
76 2
19 8
19 67
44 13
62 70
73 52
62 21
63 9
14 35
40 51
45 30
66 78
44 34
28 59
5 2
80 44
8 6
40 17
37 6
61 66
45 60
61 54
31 8
46 79
27 75
66 68
46 74
79 67
29 35
58 52
49 64
28 8
38 72
49 72
61 42
33 79
73 8
45 4
27 26
39 13
4 66
77 57
7 72
13 24
22 64
46 70
78 63
42 6
27 6
23 10
31 79
39 73
79 70
14 64
40 47
36 18
77 36
44 78
19 12
23 17
22 57
45 70
51 67
49 14
47 14
47 71
72 6
39 3
58 57
44 41
44 38
36 28
13 17
45 39
30 41
22 13
15 17
29 14
54 48
40 25
57 30
51 75
22 49
4 73
25 72
65 14
45 40
19 66
61 7
4 40
33 24
37 24
61 26
3 55
7 24
1 50
70 24
18 10
63 35
47 50
61 60
78 12
36 60
28 64
49 75
13 67
11 14
46 41
22 50
65 70
2 67
39 12
62 49
49 70
7 8
65 13
72 53
66 75
55 53
62 57
69 14
66 70
53 8
80 37
69 57
47 54
47 32
77 50
58 19
20 64
40 36
68 64
61 18
1 49
71 14
20 57
56 41
58 48
20 12
38 19
77 14
79 68
20 71
5 9
56 38
59 6
72 17
39 41
76 79
22 24
74 32
31 17
18 55
52 75
34 64
69 11
C 58
C 69
C 16
C 34
C 71
C 14
C 62
C 74
C 77
C 50
C 11
C 26
C 13
C 59
C 69
C 49
C 24
C 34
C 45
C 70
C 49
C 32
C 66
C 56
C 4
C 19
C 6
C 74
C 67
C 76
C 35
C 54
C 16
C 46
C 27
C 59
C 62
C 14
C 63
C 47
C 6
C 65
C 7
C 41
C 41
C 71
C 9
C 75
C 48
C 59
C 10
C 32
C 38
C 40
C 80
C 41
C 76
C 50
C 65
C 42
C 22
C 10
C 64
C 41
C 36
C 24
C 24
C 28
C 59
C 53
C 16
C 52
C 70
C 36
C 49
C 64
C 71
C 9
C 13
C 75
C 29
C 69
C 11
C 41
C 18
C 75
C 66
C 43
C 39
C 45
C 2
C 33
C 3
C 69
C 16
C 47
C 50
C 59
C 41
C 75
C 4
C 26
C 28
C 40
C 53
C 54
C 20
C 11
C 76
C 24
C 64
C 64
C 63
C 8
C 30
C 5
C 18
C 56
C 77
C 38
C 64
C 77
C 80
C 62
C 13
C 40
C 29
C 72
C 49
C 73
C 33
C 51
C 65
C 8
C 49
C 7
C 45
C 72
C 64
C 12
C 74
C 3
C 78
C 66
C 26
C 34
C 34
C 1
C 3
C 41
C 67
C 27
C 62
C 42
C 5
C 31
C 32
C 61
C 27
C 19
C 3
C 11
C 40
C 16
C 63
C 61
C 67
C 49
C 23
C 57
C 11
C 77
C 39
C 1
C 58
C 51
C 20
C 7
C 8
C 52
C 25
C 61
C 14
C 2
C 45
C 35
C 78
C 69
C 26
C 41
C 19
C 45
C 27
C 78
C 25
C 7
C 67
C 10
C 67
C 43
C 8
C 69
C 67
C 47
C 18
C 8
C 7
C 21
C 72
C 3
C 69
C 1
C 19
C 53
C 69
C 79
C 12
C 1
C 51
C 52
C 14
C 44
C 7
C 26
C 4
C 14
C 44
C 34
C 31
C 70
C 8
C 77
C 27
C 30
C 48
C 24
C 59
C 5
C 36
C 64
C 69
C 51
C 53
C 63
C 3
C 16
C 50
C 36
C 59
C 33
C 21
C 39
C 49
C 37
C 32
C 24
C 5
C 12
C 32
C 33
C 48
C 15
C 52
C 77
C 63
C 45
C 39
C 73
C 4
C 54
C 14
C 58
C 27
C 24
C 36
C 20
C 19
C 60
C 72
C 9
C 18
C 67
C 47
C 19
C 12
C 20
C 37
C 63
C 19
C 31
C 22
C 15
C 47
C 78
C 4
C 34
C 14
C 40
C 45
C 54
C 63
C 33
C 14
C 39
C 19
C 16
C 80
C 13
C 38
C 1
C 54
C 2
C 35
C 6
C 26
C 20
C 51
C 7
C 8
C 36
C 56
C 72
C 22
C 56
C 69
C 65
C 22
C 44
C 58
C 71
C 70
C 42
C 54
C 31
C 60
C 40
C 49
C 4
C 52
C 59
C 17
C 23
C 41
C 9
C 73
C 50
C 36
C 28
C 29
C 54
C 68
C 78
C 22
C 57
C 50
C 24
C 80
C 70
C 21
C 39
C 29
C 53
C 47
C 2
C 74
C 77
C 18
C 32
C 69
C 74
C 35
C 68
C 78
C 25
C 46
C 65
C 16
C 36
C 78
C 12
C 32
C 9
C 4
C 80
C 46
C 66
C 22
C 60
C 15
C 36
C 73
C 68
C 31
C 27
C 75
C 18
C 35
C 65
C 69
C 5
C 73
C 62
C 54
C 47
C 36
C 36
C 30
C 61
C 21
C 14
C 40
C 75
C 3
C 59
C 6
C 30
C 28
C 62
C 75
C 66
C 45
C 36
C 43
C 1
C 31
C 68
C 68
C 18
C 5
C 22
C 8
C 71
C 78
C 40
C 18
C 59
C 35
C 9
C 55
C 11
C 48
C 41
C 61
C 48
C 47
C 64
C 15
C 54
C 77
C 70
C 25
C 50
C 57
C 75
C 41
C 44
C 4
C 65
C 56
C 72
C 30
C 47
C 53
C 10
C 43
C 68
C 41
C 7
C 28
C 17
C 60
C 25
C 59
C 28
C 22
C 25
C 48
C 41
C 44
C 48
C 10
C 28
C 18
C 78
C 73
C 32
C 5
C 70
C 62
C 12
C 44
C 58
C 53
C 20
C 35
C 27
C 19
C 56
C 54
C 76
C 1
C 76
C 52
C 37
C 76
C 29
C 80
C 27
C 41
C 17
C 44
C 35
C 44
C 58
C 42
C 45
C 58
C 58
C 40
C 33
C 77
C 12
C 63
C 29
C 57
C 36
C 35
C 67
C 46
C 49
C 60
C 50
C 25
C 48
C 3
C 17
C 27
C 44
C 32
C 30
C 31
C 1
C 56
C 44
C 67
C 32
C 12
C 58
C 66
C 57
C 61
C 16
C 37
C 26
C 29
C 57
C 11
C 5
C 6
C 68
C 6
C 35
C 75
C 78
C 80
C 9
C 15
C 14
C 46
C 7
C 28
C 29
C 65
C 22
C 34
C 43
C 44
C 27
C 49
C 9
C 31
C 28
C 41
C 18
C 14
C 18
C 48
C 33
C 79
C 36
C 9
C 16
C 35
C 79
C 52
C 59
C 22
C 4
C 41
C 75
C 2
C 78
C 45
C 35
C 23
C 30
C 15
C 35
C 58
C 49
C 43
C 6
C 71
C 59
C 30
C 71
C 23
C 37
C 19
C 25
C 6
C 34
C 1
C 66
C 78
C 32
C 54
C 25
C 22
C 33
C 40
C 30
C 26
C 24
C 42
C 33
C 20
C 77
C 25
C 22
C 50
C 24
C 11
C 39
C 75
C 53
C 70
C 15
C 38
C 23
C 47
C 30
C 13
C 58
C 73
C 45
C 38
C 70
C 8
C 61
C 7
C 15
C 25
C 13
C 37
C 6
C 50
C 6
C 8
C 75
C 34
C 51
C 16
C 17
C 34
C 36
C 51
C 72
C 7
C 79
C 43
C 53
C 36
C 44
C 48
C 79
C 34
C 75
C 16
C 32
C 77
C 14
C 73
C 9
C 6
C 17
C 70
C 23
C 57
C 3
C 36
C 62
C 46
C 78
C 25
C 58
C 29
C 30
C 78
C 69
C 72
C 18
C 1
C 54
C 70
C 63
C 39
C 27
C 19
C 16
C 34
C 18
C 30
C 72
C 40
C 51
C 57
C 8
C 74
C 17
C 43
C 64
C 74
C 6
C 41
C 36
C 29
C 48
C 71
C 56
C 17
C 17
C 50
C 77
C 6
C 2
C 20
C 40
C 16
C 53
C 35
C 39
C 44
C 27
C 51
C 22
C 57
C 10
C 45
C 33
C 26
C 64
C 44
C 59
C 8
C 42
C 27
C 41
C 38
C 19
C 60
C 35
C 21
C 26
C 21
C 7
C 79
C 79
C 80
C 15
C 67
C 17
C 25
C 32
C 56
C 42
C 63
C 70
C 14
C 62
C 30
C 24
C 37
C 42
C 30
C 48
C 31
C 49
C 21
C 42
C 43
C 14
C 59
C 17
C 73
C 74
C 14
C 60
C 4
C 27
C 44
C 35
C 59
C 77
C 72
C 14
C 40
C 60
C 45
C 49
C 56
C 80
C 79
C 44
C 22
C 44
C 21
C 50
C 37
C 10
C 68
C 39
C 45
C 41
C 40
C 18
C 17
C 1
C 52
C 73
C 37
C 75
C 57
C 54
C 5
C 54
C 76
C 32
C 19
C 38
C 80
C 20
C 71
C 44
C 72
C 30
C 20
C 12
C 43
C 66
C 29
C 44
C 9
C 9
C 7
C 46
C 32
C 4
C 7
C 72
C 13
C 27
C 65
C 62
C 36
C 34
C 6
C 19
C 54
C 16
C 41
C 80
C 69
C 30
C 48
C 41
C 51
C 72
C 11
C 18
C 23
C 21
C 2
C 78
C 76
C 36
C 7
C 32
C 22
C 55
C 78
C 70
C 51
C 51
C 22
C 38
C 47
C 26
C 36
C 63
C 29
C 64
C 7
C 18
C 5
C 14
C 12
C 18
C 79
C 66
C 8
C 3
C 13
C 47
C 47
C 11
C 49
C 72
C 3
C 17
C 77
C 42
C 1
C 35
C 1
C 65
C 39
C 79
C 55
C 31
C 16
C 58
C 9
C 28
C 61
C 36
C 51
C 3
C 73
C 75
C 2
C 53
C 35
C 56
C 44
C 19
C 48
C 49
C 7
C 4
C 31
C 14
C 16
C 2
C 55
C 40
C 50
C 59
C 67
C 28
C 70
C 65
C 47
C 60
C 5
C 3
C 73
C 16
C 73
C 38
C 53
C 58
C 63
C 38
C 60
C 36
C 47
C 29
C 47
C 23
C 49
C 52
C 78
C 18
C 16
C 32
C 60
C 63
C 45
C 22
