100 1049 1000
5 99 51 60 87 32 36 68 6 40 94 48 63 62 49 57 21 89 25 23 35 1 69 7 76 92 93 70 2 43 41 31 77 86 42 44 14 91 96 53 19 37 65 52 45 16 15 17 11 71 55 66 3 50 78 79 38 9 72 26 10 75 39 8 97 4 73 56 59 90 85 80 34 82 74 84 13 88 61 12 33 98 67 47 95 0 54 28 24 64 46 58 29 81 30 27 83 20 22 18
3 81
38 91
62 64
45 70
25 16
86 84
55 43
57 97
89 36
87 22
77 49
91 18
94 19
6 10
37 97
25 37
31 43
85 5
19 48
82 33
14 6
80 6
94 57
14 10
46 23
10 95
13 97
46 21
46 50
37 74
4 6
4 85
45 73
78 4
94 56
31 49
94 43
15 100
79 95
11 62
88 71
52 85
42 92
20 39
83 70
18 2
81 62
60 64
54 6
28 61
59 7
87 13
66 33
78 8
77 3
30 72
61 100
80 71
79 35
26 85
96 46
25 14
73 23
83 12
93 12
86 85
87 9
98 2
82 43
11 16
68 42
82 35
47 90
91 42
3 19
89 7
77 30
44 29
14 41
13 37
77 97
37 18
60 96
14 4
15 24
44 41
72 8
60 2
61 84
79 97
91 32
88 70
77 11
50 21
9 5
38 66
80 54
52 30
15 89
6 67
28 88
66 92
46 36
8 6
31 50
9 14
25 18
87 81
48 84
96 15
27 58
98 46
25 82
44 82
20 4
44 91
81 32
74 84
28 39
28 100
45 64
56 54
73 84
65 5
3 80
96 95
87 95
45 11
47 89
9 41
99 21
96 92
44 53
49 71
9 70
49 21
20 85
81 63
62 4
94 12
82 54
87 74
31 67
74 67
81 74
97 7
70 85
24 63
61 97
49 63
11 23
39 46
13 81
88 89
25 49
83 79
56 29
31 58
72 5
45 56
51 16
37 63
34 26
14 75
18 99
93 37
94 30
60 48
83 80
89 16
35 96
69 65
61 99
20 32
84 67
78 12
47 72
52 47
94 17
97 74
28 82
17 34
29 42
43 7
13 41
51 49
38 30
39 55
96 66
3 70
2 70
39 97
50 29
30 71
3 47
49 100
15 74
27 67
31 1
82 86
73 74
41 70
50 64
77 57
17 22
45 38
52 72
49 59
3 95
27 19
78 47
72 22
78 7
41 89
90 1
61 26
47 2
79 27
6 5
56 6
42 95
38 67
87 49
15 76
11 21
45 26
43 67
61 32
55 99
69 50
55 24
34 72
93 77
60 55
45 59
80 74
50 10
56 36
44 12
37 62
55 84
78 62
38 85
28 18
30 64
31 33
96 4
40 48
96 8
98 100
20 90
69 75
78 15
45 1
12 57
77 16
60 18
94 97
55 47
80 85
52 65
79 7
28 57
11 74
4 8
71 10
65 41
71 42
83 23
62 36
68 3
23 4
2 67
18 6
79 30
13 17
37 51
54 64
78 52
52 18
16 85
68 56
28 48
13 85
93 28
96 97
77 15
98 75
65 43
41 54
39 38
11 32
61 24
72 99
69 11
46 62
94 66
2 42
86 74
72 42
68 66
55 64
8 92
65 62
45 53
97 5
53 21
96 24
28 72
83 87
98 73
41 42
96 65
70 4
96 51
48 74
87 53
2 48
65 29
32 58
14 23
3 92
27 15
69 18
17 18
44 58
19 63
77 69
51 63
79 75
55 54
69 23
13 57
32 95
83 18
94 89
69 95
68 58
91 36
96 29
20 53
87 97
51 76
73 70
39 85
65 76
83 11
89 95
63 36
17 33
34 57
88 97
91 54
68 52
80 96
69 96
65 32
12 53
74 75
3 12
71 100
34 96
91 7
39 2
40 100
77 38
98 36
64 63
69 59
13 21
98 49
77 33
56 58
19 50
88 82
11 49
11 36
44 39
52 90
82 1
88 95
86 51
81 1
61 35
83 31
27 66
57 1
86 73
34 71
9 46
37 90
9 90
39 10
94 62
37 73
11 86
68 98
45 49
69 53
80 36
54 85
68 20
86 76
22 85
17 42
44 75
97 6
13 28
31 56
88 54
57 29
9 8
58 42
83 94
86 64
15 92
48 89
42 8
3 66
68 17
64 6
2 63
44 16
65 21
47 21
86 30
39 54
94 81
74 6
32 56
18 24
3 51
58 50
80 30
68 82
41 59
45 12
46 63
43 40
86 1
65 23
77 64
39 58
56 64
35 8
37 34
88 1
53 56
50 23
60 35
39 95
17 54
87 61
57 92
93 90
17 5
23 7
69 86
76 1
27 75
9 50
13 46
64 26
39 22
43 8
40 26
11 53
90 7
75 100
27 7
22 16
85 100
93 96
11 43
81 96
72 74
70 71
5 36
50 63
50 5
25 26
87 62
76 16
88 41
69 58
32 59
17 74
11 46
28 27
43 22
71 62
13 82
31 37
22 4
80 91
4 92
3 7
64 21
27 26
86 95
22 21
81 40
20 58
3 49
2 5
54 22
11 41
37 84
88 48
51 74
51 62
10 36
34 62
93 56
54 66
53 24
78 26
45 72
50 66
53 14
14 49
32 64
78 17
35 18
86 67
79 9
31 70
93 38
20 36
45 41
65 33
53 23
17 86
52 50
92 67
36 67
9 73
79 28
79 57
28 96
18 16
77 75
62 5
79 17
82 37
86 23
45 94
8 1
61 9
38 14
78 2
15 50
88 30
53 89
5 67
27 59
58 5
18 15
59 62
93 34
93 66
66 67
96 42
83 47
25 72
31 75
58 84
29 99
70 74
77 20
69 85
72 66
87 14
79 5
29 66
28 97
14 92
27 41
93 15
86 52
35 75
87 37
87 78
61 17
11 82
9 84
48 54
47 48
19 74
44 69
55 89
65 14
39 40
45 46
98 34
32 6
12 2
68 5
15 58
71 95
43 49
30 36
96 89
6 63
94 9
61 91
93 80
60 41
30 49
15 75
71 4
38 18
14 62
91 21
4 100
13 20
8 21
69 48
22 89
1 21
19 2
14 16
77 76
29 10
69 6
3 62
13 5
91 23
53 72
80 16
93 92
15 10
46 100
72 76
80 49
88 75
70 5
38 15
49 67
61 53
80 60
96 48
80 53
94 35
6 26
50 26
49 90
37 67
11 26
13 95
65 2
65 74
31 55
8 36
77 9
27 62
81 21
93 73
73 36
94 47
45 74
68 26
71 74
57 72
80 50
76 90
68 11
76 36
31 16
9 64
52 6
69 4
9 48
20 66
13 50
91 6
49 26
82 15
51 48
19 75
37 19
3 82
57 84
97 49
74 8
34 100
60 70
53 36
40 72
30 95
57 75
31 57
87 56
97 66
40 36
18 30
81 98
11 63
94 58
81 30
29 4
78 66
78 57
34 47
9 74
45 87
60 65
76 7
62 26
51 58
85 75
92 63
79 69
56 16
3 65
99 95
71 66
35 40
30 67
19 22
93 57
4 64
40 16
77 26
44 94
34 8
35 100
25 1
66 62
37 6
93 18
27 97
82 49
20 59
25 2
98 39
39 26
11 52
44 17
53 34
44 80
87 20
81 58
82 41
68 48
96 23
93 68
61 65
47 85
3 27
81 80
25 71
88 2
9 35
72 50
82 21
60 73
68 100
99 67
57 76
25 31
87 51
20 84
33 10
46 8
98 72
94 52
15 32
93 23
15 71
45 3
93 30
35 95
81 70
39 5
44 89
25 73
97 1
47 71
76 23
57 33
56 8
43 6
55 14
57 59
43 42
93 87
50 84
72 84
87 66
18 67
11 40
22 36
43 76
28 15
70 1
77 24
22 62
68 60
91 99
25 41
93 39
28 41
68 53
14 33
43 5
79 22
88 4
94 51
82 14
43 21
96 21
43 50
20 17
19 70
12 17
11 22
1 36
68 2
48 99
84 75
24 10
61 7
13 8
69 70
66 89
29 21
25 22
94 31
70 75
14 66
35 26
12 74
45 4
60 67
49 6
32 72
27 60
93 29
38 9
60 34
45 100
83 14
39 84
46 85
51 99
40 70
25 19
38 41
94 38
13 35
13 15
56 5
91 29
77 72
70 26
52 97
20 19
68 37
81 52
11 99
80 86
15 72
73 58
11 100
44 43
50 92
22 5
79 23
88 22
96 6
44 7
31 100
17 59
82 51
9 75
38 52
73 21
37 16
79 42
12 48
48 26
72 62
70 49
27 32
61 80
59 92
52 70
69 84
20 2
41 90
65 64
91 72
52 96
2 50
58 89
98 65
82 50
22 23
83 71
50 6
76 100
69 38
11 92
25 63
9 21
39 59
9 30
15 14
6 1
20 61
13 2
70 29
13 91
45 16
90 64
40 66
91 100
51 4
8 10
38 48
79 3
23 1
82 38
23 100
87 55
91 75
19 59
11 4
77 56
9 31
61 41
83 35
25 32
27 2
58 74
59 75
98 59
55 97
72 26
81 31
77 67
81 59
34 24
91 41
20 98
38 37
25 30
88 92
15 49
28 75
17 35
26 63
68 72
94 4
34 4
11 97
77 91
78 88
42 89
86 71
25 98
39 99
77 58
11 8
20 71
11 64
98 15
28 10
70 16
19 62
47 33
89 99
29 64
79 50
79 55
17 52
87 35
3 72
29 59
60 85
25 43
79 36
14 76
61 95
68 49
28 2
52 36
13 4
55 57
13 23
12 88
39 41
54 90
73 14
55 67
17 58
82 16
18 46
96 32
12 14
53 57
77 36
17 24
88 86
61 52
58 99
34 1
97 59
81 75
81 7
27 95
38 71
53 62
79 32
8 63
40 41
99 7
68 95
66 59
42 36
68 81
49 99
68 30
25 52
88 66
44 24
73 92
77 25
38 72
61 36
93 82
80 100
72 75
97 4
70 59
49 23
94 37
45 18
9 97
2 46
98 26
55 85
61 70
91 50
86 63
25 67
92 100
93 55
C 19
C 91
C 28
C 89
C 95
C 54
C 79
C 7
C 84
C 30
C 38
C 3
C 96
C 82
C 20
C 33
C 18
C 4
C 34
C 98
C 86
C 37
C 17
C 85
C 58
C 96
C 17
C 16
C 8
C 84
C 88
C 12
C 82
C 9
C 66
C 8
C 16
C 18
C 67
C 5
C 42
C 54
C 46
C 50
C 42
C 61
C 64
C 30
C 94
C 29
C 17
C 80
C 79
C 93
C 41
C 40
C 88
C 22
C 41
C 79
C 39
C 2
C 30
C 45
C 49
C 75
C 43
C 13
C 97
C 79
C 61
C 71
C 44
C 82
C 56
C 96
C 8
C 1
C 88
C 36
C 12
C 59
C 5
C 51
C 2
C 39
C 97
C 71
C 42
C 93
C 61
C 91
C 59
C 45
C 76
C 91
C 98
C 55
C 72
C 77
C 100
C 90
C 54
C 31
C 50
C 2
C 56
C 57
C 34
C 65
C 6
C 25
C 51
C 24
C 48
C 63
C 68
C 79
C 50
C 44
C 30
C 3
C 2
C 66
C 18
C 81
C 79
C 44
C 51
C 90
C 8
C 36
C 79
C 49
C 43
C 19
C 49
C 39
C 80
C 49
C 14
C 33
C 42
C 66
C 16
C 71
C 67
C 41
C 55
C 43
C 49
C 94
C 88
C 23
C 74
C 38
C 92
C 57
C 58
C 89
C 7
C 35
C 2
C 11
C 5
C 12
C 63
C 47
C 99
C 88
C 46
C 73
C 83
C 80
C 89
C 33
C 62
C 84
C 46
C 86
C 8
C 1
C 86
C 91
C 89
C 44
C 40
C 99
C 6
C 29
C 61
C 5
C 94
C 67
C 75
C 49
C 51
C 72
C 73
C 12
C 58
C 90
C 80
C 75
C 22
C 95
C 73
C 41
C 43
C 61
C 85
C 20
C 26
C 22
C 80
C 43
C 67
C 79
C 67
C 8
C 73
C 58
C 59
C 78
C 100
C 92
C 49
C 45
C 83
C 47
C 67
C 82
C 49
C 15
C 79
C 55
C 61
C 93
C 93
C 13
C 1
C 14
C 94
C 10
C 90
C 23
C 38
C 32
C 72
C 2
C 24
C 83
C 19
C 74
C 32
C 11
C 64
C 95
C 15
C 18
C 20
C 11
C 25
C 33
C 7
C 6
C 50
C 95
C 79
C 27
C 74
C 58
C 8
C 40
C 100
C 3
C 44
C 74
C 23
C 44
C 9
C 99
C 36
C 81
C 9
C 92
C 82
C 7
C 53
C 83
C 84
C 31
C 55
C 63
C 79
C 30
C 27
C 6
C 18
C 69
C 66
C 63
C 19
C 100
C 73
C 81
C 76
C 45
C 1
C 36
C 15
C 25
C 64
C 32
C 56
C 7
C 28
C 74
C 44
C 44
C 22
C 90
C 3
C 25
C 76
C 23
C 95
C 12
C 44
C 36
C 48
C 63
C 6
C 37
C 65
C 85
C 5
C 4
C 53
C 20
C 29
C 98
C 99
C 35
C 36
C 16
C 47
C 18
C 40
C 82
C 37
C 44
C 12
C 27
C 88
C 86
C 83
C 78
C 70
C 22
C 10
C 59
C 74
C 16
C 29
C 6
C 14
C 43
C 93
C 15
C 58
C 13
C 90
C 87
C 70
C 82
C 88
C 19
C 77
C 22
C 24
C 57
C 70
C 22
C 69
C 75
C 48
C 34
C 63
C 72
C 24
C 91
C 7
C 39
C 3
C 23
C 14
C 81
C 14
C 95
C 98
C 55
C 78
C 97
C 22
C 83
C 34
C 10
C 60
C 71
C 81
C 25
C 90
C 61
C 23
C 71
C 58
C 65
C 74
C 37
C 60
C 50
C 4
C 58
C 41
C 11
C 30
C 3
C 66
C 69
C 50
C 42
C 91
C 69
C 29
C 35
C 16
C 41
C 97
C 27
C 99
C 49
C 5
C 4
C 24
C 97
C 26
C 27
C 1
C 77
C 44
C 41
C 67
C 32
C 35
C 100
C 84
C 79
C 57
C 66
C 80
C 76
C 12
C 58
C 77
C 85
C 14
C 97
C 88
C 39
C 92
C 14
C 50
C 57
C 50
C 10
C 5
C 60
C 57
C 52
C 78
C 8
C 6
C 35
C 46
C 2
C 26
C 84
C 22
C 63
C 31
C 54
C 68
C 76
C 63
C 58
C 8
C 98
C 98
C 43
C 67
C 29
C 18
C 62
C 30
C 14
C 22
C 52
C 81
C 56
C 83
C 82
C 22
C 9
C 56
C 34
C 68
C 13
C 45
C 19
C 70
C 11
C 11
C 7
C 97
C 81
C 62
C 64
C 8
C 47
C 21
C 32
C 36
C 45
C 36
C 44
C 54
C 80
C 27
C 82
C 100
C 76
C 3
C 12
C 26
C 69
C 83
C 97
C 41
C 98
C 65
C 53
C 96
C 17
C 3
C 89
C 40
C 49
C 42
C 98
C 62
C 39
C 52
C 96
C 75
C 61
C 92
C 23
C 1
C 91
C 27
C 81
C 34
C 74
C 21
C 23
C 7
C 71
C 42
C 71
C 74
C 80
C 32
C 97
C 89
C 80
C 81
C 87
C 96
C 43
C 58
C 38
C 22
C 100
C 59
C 44
C 39
C 5
C 47
C 80
C 6
C 80
C 4
C 76
C 19
C 98
C 100
C 65
C 66
C 1
C 60
C 95
C 62
C 31
C 36
C 66
C 75
C 66
C 65
C 80
C 59
C 37
C 41
C 59
C 2
C 22
C 50
C 54
C 50
C 28
C 94
C 95
C 10
C 93
C 87
C 65
C 56
C 35
C 3
C 16
C 93
C 75
C 41
C 51
C 36
C 2
C 69
C 88
C 47
C 68
C 41
C 66
C 99
C 6
C 15
C 33
C 77
C 54
C 27
C 59
C 72
C 66
C 61
C 76
C 34
C 95
C 19
C 43
C 55
C 65
C 36
C 3
C 44
C 66
C 94
C 36
C 56
C 56
C 27
C 99
C 100
C 46
C 89
C 22
C 12
C 78
C 34
C 95
C 44
C 80
C 50
C 2
C 47
C 83
C 90
C 12
C 67
C 9
C 73
C 18
C 65
C 56
C 38
C 7
C 42
C 4
C 60
C 11
C 60
C 82
C 52
C 58
C 71
C 73
C 83
C 85
C 84
C 79
C 85
C 26
C 29
C 38
C 15
C 33
C 68
C 42
C 77
C 51
C 10
C 33
C 86
C 1
C 15
C 28
C 58
C 45
C 77
C 46
C 47
C 10
C 14
C 76
C 65
C 86
C 94
C 35
C 75
C 9
C 40
C 53
C 65
C 39
C 38
C 1
C 46
C 16
C 4
C 5
C 5
C 66
C 83
C 2
C 96
C 45
C 61
C 13
C 28
C 72
C 43
C 81
C 36
C 11
C 32
C 94
C 27
C 88
C 65
C 29
C 8
C 41
C 51
C 46
C 44
C 65
C 92
C 29
C 23
C 76
C 46
C 73
C 44
C 43
C 33
C 16
C 38
C 4
C 53
C 67
C 76
C 90
C 2
C 87
C 26
C 16
C 10
C 42
C 56
C 33
C 50
C 65
C 4
C 87
C 9
C 80
C 14
C 81
C 87
C 8
C 89
C 40
C 89
C 47
C 36
C 10
C 55
C 56
C 77
C 87
C 60
C 42
C 87
C 62
C 82
C 25
C 70
C 74
C 99
C 100
C 4
C 2
C 100
C 68
C 100
C 63
C 61
C 94
C 8
C 24
C 73
C 41
C 69
C 27
C 39
C 2
C 28
C 34
C 38
C 59
C 28
C 68
C 22
C 89
C 93
C 77
C 47
C 99
C 26
C 69
C 40
C 31
C 59
C 91
C 38
C 81
C 34
C 37
C 90
C 3
C 72
C 28
C 75
C 67
C 60
C 45
C 60
C 63
C 1
C 9
C 57
C 3
C 46
C 1
C 88
C 61
C 14
C 19
C 59
C 55
C 1
C 80
C 44
C 92
C 47
C 83
C 90
C 73
C 11
C 57
C 77
C 89
C 38
C 55
C 100
C 80
C 88
C 76
C 99
C 21
C 92
C 39
C 66
C 22
C 3
C 87
C 42
C 55
C 19
C 38
C 96
C 59
C 47
C 58
C 98
C 94
C 80
C 88
C 64
C 72
C 74
C 15
C 1
C 91
C 20
C 53
C 58
C 95
C 80
C 38
C 15
C 46
C 49
C 85
C 17
C 29
C 65
C 62
C 29
C 17
C 83
C 48
C 33
C 96
C 48
C 63
C 67
C 93
C 38
C 30
C 34
C 70
C 20
C 12
C 34
C 79
C 51
C 95
C 69
C 14
C 17
C 65
C 83
C 33
C 71
C 20
C 7
C 71
C 28
C 91
C 49
C 17
C 39
C 94
C 32
C 71
C 68
C 52
C 34
C 79
C 26
C 77
