90 1357 100
98 15 45 96 66 42 83 5 10 34 94 65 75 1 2 40 38 29 50 30 77 54 72 93 47 9 7 92 60 56 23 33 19 13 70 84 97 16 8 36 0 37 59 55 64 82 44 17 63 14 53 20 12 4 88 69 31 74 61 89 11 39 6 49 91 71 28 52 48 76 58 22 99 18 90 57 81 87 26 41 68 95 80 43 35 32 3 46 51 27
23 45
64 2
44 38
36 18
56 66
26 54
88 64
67 15
3 8
42 83
86 52
56 13
18 83
29 21
61 90
89 25
38 43
59 41
68 53
22 72
76 1
30 75
29 28
26 77
38 47
65 70
89 79
46 82
44 17
67 2
21 78
19 22
61 33
40 33
73 9
68 65
19 6
27 14
7 6
54 16
81 74
11 64
89 3
21 45
9 39
86 55
68 50
23 14
71 33
59 80
36 15
22 75
46 79
58 35
1 75
44 79
88 39
63 20
71 75
22 32
77 69
88 22
57 25
76 35
58 32
35 83
50 36
64 39
70 35
85 14
26 20
63 41
67 60
66 14
19 70
38 62
76 17
19 39
10 40
52 25
31 69
65 77
4 63
15 60
53 66
59 20
20 23
14 72
6 14
89 28
73 14
81 75
81 4
1 35
26 70
18 41
88 81
54 44
10 37
50 35
49 17
21 9
21 87
39 55
90 74
29 71
68 13
19 16
10 58
30 43
73 82
11 70
68 76
65 62
51 37
58 53
73 74
9 25
90 45
50 37
90 80
6 71
86 62
44 84
7 80
89 86
59 90
40 55
10 49
33 60
11 32
61 41
6 55
59 24
76 18
8 28
90 86
3 72
49 82
89 43
4 9
70 78
42 23
39 23
68 2
26 7
37 34
21 32
38 1
86 38
46 62
89 81
42 61
49 21
85 71
30 54
14 45
24 66
88 69
23 37
68 59
2 34
79 78
36 62
89 11
27 7
12 32
45 32
90 72
53 80
19 66
13 48
64 33
50 39
21 80
79 66
44 49
27 28
30 34
41 60
88 56
81 1
81 50
85 57
62 55
36 74
67 6
90 6
86 64
48 34
11 41
21 25
10 2
12 74
11 33
86 56
9 31
12 52
78 34
17 12
51 72
19 57
2 38
77 83
46 43
58 28
66 28
53 33
39 48
44 39
4 23
6 37
17 2
13 83
84 14
21 79
14 74
64 12
21 75
73 37
44 2
82 56
56 78
30 28
11 36
66 47
81 82
1 60
50 22
62 80
33 66
10 84
19 87
44 28
88 73
16 18
68 11
35 55
59 22
61 51
4 53
62 48
64 1
6 35
20 77
19 9
7 15
30 7
26 84
44 1
63 83
31 48
45 74
40 60
31 77
77 25
5 43
71 15
24 50
52 77
23 48
11 3
50 52
8 48
21 7
68 46
8 12
21 18
24 32
49 62
90 1
17 41
60 72
10 57
10 63
65 36
61 88
87 51
29 22
39 7
88 8
65 15
88 21
84 15
26 74
61 72
76 63
82 66
54 22
3 74
87 43
73 15
37 48
85 62
79 77
62 14
68 20
73 33
46 45
68 44
26 61
57 71
7 34
5 70
42 29
88 19
44 6
84 70
27 37
6 15
67 39
79 41
1 72
15 83
33 78
79 47
42 39
10 22
87 37
86 35
81 80
24 27
24 6
56 60
61 2
80 28
50 48
29 90
9 7
82 15
31 37
19 62
58 3
81 17
4 25
5 77
38 32
61 19
40 12
89 30
79 75
38 37
51 43
41 48
21 33
85 23
3 77
63 71
54 86
2 56
31 25
46 57
4 87
57 32
86 2
63 47
89 34
20 8
61 75
23 69
19 79
30 69
67 81
19 49
43 41
24 4
35 32
76 81
90 73
57 8
18 66
81 78
80 32
29 33
9 72
49 9
46 77
36 25
86 3
50 62
20 31
54 55
19 38
88 67
17 36
88 49
24 43
14 47
87 56
21 81
10 45
29 79
75 78
40 31
89 33
1 23
76 72
9 47
22 8
76 22
13 40
24 79
38 18
90 47
58 37
61 81
59 7
73 75
19 18
57 13
26 55
68 27
87 31
59 45
76 78
55 80
64 50
84 57
82 32
21 38
75 72
22 55
86 45
19 82
50 32
18 62
27 70
61 28
9 33
28 74
27 5
61 32
89 21
54 3
29 63
86 74
57 7
4 43
42 64
22 47
37 78
73 71
3 51
81 37
20 18
3 37
89 63
2 77
22 36
54 56
16 87
10 33
68 42
70 55
88 12
64 56
90 20
62 43
49 33
89 46
30 81
22 12
90 35
89 23
60 83
12 66
51 78
49 8
67 7
67 58
87 6
39 36
29 32
11 60
2 13
31 66
61 39
3 87
59 48
87 28
64 62
26 22
44 5
21 66
29 60
58 70
5 20
53 69
24 11
61 25
66 37
19 83
43 69
79 34
65 43
84 56
60 47
27 13
63 32
32 34
23 72
37 69
26 67
17 31
41 55
86 85
20 1
64 65
68 70
33 48
87 41
86 36
73 2
72 69
13 62
80 47
30 23
31 80
87 80
38 55
3 65
26 37
27 22
87 25
17 69
7 72
4 77
19 65
54 76
63 66
61 23
16 36
8 31
76 62
40 51
86 50
16 7
18 14
36 75
15 35
17 14
6 69
59 86
58 14
43 35
1 77
17 22
1 7
68 34
35 41
68 67
54 1
67 41
10 64
33 34
53 70
63 60
43 60
59 29
79 13
30 82
88 77
68 56
90 55
2 57
90 60
8 74
42 32
37 72
86 16
88 84
19 20
84 83
57 47
40 83
67 4
3 64
66 52
87 72
59 44
9 8
67 51
7 47
89 27
19 40
46 38
3 83
42 22
76 51
80 74
29 83
21 48
8 37
9 62
53 72
10 82
71 37
56 31
67 18
42 43
10 25
2 39
10 28
22 23
27 6
40 41
21 2
90 66
25 78
49 74
68 28
79 69
61 16
5 85
61 21
49 56
13 43
76 36
81 72
58 9
58 47
15 12
30 32
20 51
88 41
17 13
11 62
51 34
22 51
18 15
44 22
44 71
18 45
30 4
86 78
21 50
71 78
88 45
10 17
57 1
4 65
89 22
50 31
53 74
43 83
66 69
90 33
67 53
57 75
63 13
66 75
85 64
25 74
17 56
17 80
68 15
17 45
67 22
79 55
44 87
71 25
13 51
37 52
64 45
27 8
29 67
30 21
13 18
37 77
3 15
59 57
60 74
43 80
11 17
9 20
27 57
89 12
9 52
65 72
4 37
67 82
24 65
12 75
62 28
44 57
44 63
86 25
10 7
37 47
44 27
53 8
16 53
44 3
11 43
31 32
67 19
57 39
30 84
67 64
63 7
65 14
35 37
44 62
38 56
84 28
42 71
36 60
43 32
48 25
38 22
57 41
64 63
88 16
88 70
51 28
80 60
87 45
3 50
18 77
26 4
30 47
17 9
67 23
75 69
79 65
82 48
64 32
80 78
26 36
30 25
32 78
81 69
4 8
58 5
37 14
42 58
10 60
16 1
20 12
63 15
29 1
68 71
73 13
42 62
44 64
90 85
63 55
21 5
18 55
4 83
30 24
87 60
2 28
54 73
33 55
55 78
63 78
14 28
10 21
29 66
54 66
14 32
88 23
5 8
20 32
30 35
46 22
58 75
68 8
1 37
30 90
15 43
23 31
65 32
81 39
84 8
69 34
59 37
42 75
85 53
58 65
67 25
4 20
46 6
21 84
88 36
26 85
88 33
36 53
70 34
5 9
16 51
9 77
30 2
2 65
38 48
35 77
2 37
73 7
85 9
36 48
24 52
79 33
72 74
30 14
81 12
10 55
3 9
46 70
15 66
11 75
82 62
75 34
15 55
38 53
54 36
27 40
18 78
58 2
85 13
33 77
49 3
64 31
52 60
12 28
18 40
19 31
14 60
3 38
26 66
10 61
84 41
49 79
5 40
72 83
73 32
26 57
4 28
68 77
30 8
64 48
44 12
68 21
76 80
17 74
8 41
17 16
62 78
3 33
29 52
65 38
79 12
61 45
56 80
19 2
42 10
26 86
59 10
42 70
81 83
39 56
46 8
81 60
21 12
11 23
10 14
16 82
67 37
24 48
80 25
82 34
64 28
49 81
17 57
30 16
85 82
3 32
40 35
54 46
49 65
86 53
88 80
9 36
42 13
88 18
63 53
68 58
70 23
7 75
89 1
49 15
2 66
68 75
64 36
51 83
2 43
59 49
5 52
24 63
29 65
50 74
61 69
3 70
12 14
52 48
11 31
45 69
58 81
11 78
82 41
86 70
81 52
52 78
11 50
58 51
26 60
88 7
9 41
76 12
71 31
21 6
59 74
65 35
42 81
50 72
53 15
84 6
61 34
7 31
61 9
9 13
54 7
3 1
54 60
7 83
54 33
84 74
50 8
33 14
63 87
23 78
39 1
85 2
79 56
68 16
57 66
76 38
59 11
64 77
62 32
49 6
50 40
35 75
65 51
70 14
26 23
81 43
20 36
10 71
3 28
20 39
30 17
5 16
26 58
67 48
7 55
58 57
27 72
67 57
59 14
16 56
70 12
8 69
44 60
36 55
82 36
20 35
82 75
90 75
51 45
41 14
42 76
89 39
63 14
89 4
90 82
5 41
89 55
17 65
29 78
39 83
4 32
57 83
59 52
85 7
73 45
90 11
59 46
44 31
17 84
3 18
8 75
62 47
5 82
21 1
58 41
69 47
82 78
17 51
68 37
49 4
10 39
54 63
51 80
30 71
64 23
65 69
84 37
84 78
21 43
36 40
54 78
81 86
88 13
57 35
50 28
58 63
14 78
50 66
38 34
71 80
79 74
86 41
20 75
40 15
7 43
61 13
41 75
59 39
29 45
82 6
72 47
86 84
87 53
39 31
16 71
86 82
57 60
6 66
90 50
20 48
10 13
42 47
26 31
46 64
67 31
46 81
11 18
7 60
18 52
46 50
46 14
46 1
54 48
44 11
65 1
71 66
5 1
3 2
11 34
59 73
8 66
46 31
24 23
54 8
85 35
85 22
4 2
11 14
38 7
4 36
3 25
73 1
40 48
35 33
86 12
24 58
39 15
26 1
26 42
70 40
31 43
71 35
16 12
5 6
65 75
24 47
86 6
42 49
15 37
55 14
70 41
42 69
46 41
27 20
81 38
79 20
53 55
68 54
26 16
46 15
5 83
20 22
50 14
36 52
67 17
57 87
46 51
59 69
38 23
89 52
4 13
65 82
85 52
4 60
63 77
88 72
1 41
64 8
3 23
21 47
19 50
18 32
10 24
57 82
37 80
65 52
11 85
64 57
10 27
58 78
12 69
59 83
24 21
59 65
28 72
54 43
13 69
58 23
30 73
16 47
67 52
70 77
61 48
65 7
79 32
29 15
56 75
67 70
42 78
30 12
11 74
16 65
81 15
46 75
67 13
9 37
73 78
50 78
76 87
24 13
39 74
79 38
69 74
23 51
84 20
16 70
90 57
88 9
19 48
45 72
58 72
11 73
7 52
89 69
85 70
23 12
42 77
39 43
21 62
30 78
43 47
26 62
88 6
59 58
46 11
24 56
17 55
65 87
20 14
4 55
9 70
88 58
30 67
30 72
10 53
64 82
75 47
11 53
23 15
15 41
44 81
19 27
81 66
46 20
46 47
84 23
87 32
68 43
17 6
79 73
53 77
86 5
84 43
7 45
68 29
54 12
50 38
10 41
86 17
73 83
24 54
54 81
67 62
15 52
81 56
81 8
76 57
1 25
16 23
54 38
21 37
3 62
26 56
61 5
54 17
81 47
28 78
27 31
7 41
89 54
42 74
83 74
21 39
19 45
23 74
29 69
16 78
40 28
79 85
27 52
1 66
57 70
67 1
81 48
41 77
67 20
50 25
9 35
68 41
68 18
85 41
7 62
44 86
5 23
73 22
55 45
42 17
5 12
10 5
73 63
20 70
71 12
6 34
79 57
38 41
63 45
63 9
85 15
88 52
61 84
61 8
56 62
66 25
54 52
16 83
10 54
79 72
1 71
63 25
21 56
10 78
88 51
90 14
5 80
79 2
38 12
85 33
56 40
19 11
9 28
39 80
50 43
54 19
73 56
76 48
61 22
24 18
31 41
39 6
1 48
68 45
16 80
84 18
59 38
42 5
58 56
5 39
59 55
24 12
2 50
90 63
21 28
33 45
86 80
22 62
7 56
44 33
38 8
56 41
11 72
27 62
53 71
27 25
64 14
58 74
90 43
44 45
36 80
42 8
4 69
88 37
59 50
59 19
68 48
43 25
29 20
M 
M 
M 
M 
M 
M 
M 
M 
M 
M 
M 
M 
M 
M 
M 
M 
M 
M 
M 
M 
M 
M 
M 
M 
M 
M 
M 
M 
M 
M 
M 
M 
M 
M 
M 
M 
M 
M 
M 
M 
M 
M 
M 
M 
M 
M 
M 
M 
M 
M 
M 
M 
M 
M 
M 
M 
M 
M 
M 
M 
M 
M 
M 
M 
M 
M 
M 
M 
M 
M 
M 
M 
M 
M 
M 
M 
M 
M 
M 
M 
M 
M 
M 
M 
M 
M 
M 
M 
M 
M 
M 
M 
M 
M 
M 
M 
M 
M 
M 
M 
