50 300 100
76 70 48 57 3 38 23 44 82 5 17 66 93 16 1 61 41 35 40 85 49 10 18 2 67 90 89 75 12 84 77 87 19 30 94 78 13 6 91 54 81 71 74 95 8 9 55 27 34 21
8 49
18 44
12 43
36 17
7 19
34 19
5 26
30 33
46 11
24 37
29 22
18 38
47 26
6 23
8 14
18 46
47 10
3 35
27 19
8 29
3 21
10 21
43 48
48 32
27 12
42 32
3 11
31 10
1 22
49 33
15 22
27 35
17 4
20 22
31 7
30 6
48 33
40 50
38 13
8 27
49 42
35 23
41 39
37 19
24 46
31 30
50 19
9 42
9 4
27 32
49 25
27 24
41 11
6 12
47 6
46 50
8 48
38 29
3 43
16 50
18 25
39 42
17 42
1 28
40 12
41 15
34 8
16 11
2 49
1 32
47 37
25 22
12 19
30 29
29 42
3 6
29 44
47 40
41 1
5 30
16 6
6 49
41 28
15 48
16 17
33 11
5 47
5 12
24 48
9 19
25 44
30 35
16 43
47 4
20 28
15 23
31 2
45 19
18 12
39 28
47 20
38 28
5 14
9 33
49 37
2 13
8 23
14 11
16 35
49 19
30 19
31 12
17 19
17 9
27 22
15 43
12 45
8 9
12 2
50 22
16 21
44 23
31 14
38 40
39 14
34 48
40 10
40 35
41 19
27 30
29 32
40 2
44 11
19 13
46 17
36 37
6 50
14 4
18 39
34 2
36 22
31 4
46 10
47 19
18 5
42 19
33 22
42 11
8 33
35 22
46 14
18 16
41 9
40 19
27 47
15 7
36 43
48 44
34 44
10 32
4 22
41 29
46 45
26 19
31 40
49 22
6 22
16 25
46 12
12 42
10 20
41 26
7 26
23 28
35 11
12 14
1 44
1 49
7 29
5 11
30 42
9 10
24 30
41 12
12 23
34 4
46 7
47 46
16 20
47 14
43 32
48 22
5 29
2 42
12 21
16 49
1 30
40 26
8 38
29 14
39 30
30 12
5 15
41 14
26 28
3 50
31 28
8 47
3 44
34 41
7 50
34 38
30 49
5 38
3 42
4 28
40 4
5 25
3 49
3 20
31 26
31 50
15 40
41 40
27 42
20 21
31 32
3 38
31 21
24 40
45 21
15 13
36 30
25 11
41 16
1 26
2 19
5 16
6 4
23 13
27 4
30 45
3 17
2 4
17 48
7 49
24 50
27 10
27 13
29 25
37 28
9 14
9 21
20 23
24 20
37 20
8 6
18 47
26 11
41 37
16 4
38 48
35 21
16 45
17 29
39 17
36 19
43 20
10 49
29 10
24 14
1 40
47 7
47 45
36 10
34 13
5 44
9 25
5 22
3 29
3 12
3 9
47 48
27 25
27 37
39 38
29 48
34 47
45 23
36 6
44 26
34 26
29 13
41 6
41 44
6 20
29 23
29 28
24 43
12 33
M 
M 
M 
M 
M 
M 
M 
M 
M 
M 
M 
M 
M 
M 
M 
M 
M 
M 
M 
M 
M 
M 
M 
M 
M 
M 
M 
M 
M 
M 
M 
M 
M 
M 
M 
M 
M 
M 
M 
M 
M 
M 
M 
M 
M 
M 
M 
M 
M 
M 
M 
M 
M 
M 
M 
M 
M 
M 
M 
M 
M 
M 
M 
M 
M 
M 
M 
M 
M 
M 
M 
M 
M 
M 
M 
M 
M 
M 
M 
M 
M 
M 
M 
M 
M 
M 
M 
M 
M 
M 
M 
M 
M 
M 
M 
M 
M 
M 
M 
M 
