70 231 100
89 43 74 17 35 54 25 2 34 85 64 36 90 53 9 23 57 83 51 30 61 82 13 1 95 59 21 26 6 48 91 5 70 97 81 84 24 66 38 49 37 47 92 45 86 96 79 71 46 41 3 88 39 14 78 76 4 12 67 20 55 32 52 60 56 29 10 87 8 0
52 6
20 7
25 13
25 23
26 51
47 6
63 53
63 12
8 10
11 63
16 45
30 43
40 58
56 14
68 60
2 51
45 7
65 25
21 10
34 60
57 12
31 36
30 1
44 36
63 37
32 10
69 41
66 37
8 23
24 62
11 35
11 53
63 50
58 41
54 16
4 50
42 45
22 60
33 23
11 25
56 46
59 8
28 56
2 45
67 37
27 22
47 68
27 8
41 37
50 60
70 51
40 4
44 56
47 31
6 50
37 10
34 17
33 49
59 50
27 26
15 2
16 12
25 3
15 26
67 31
2 26
27 63
28 61
42 10
2 14
28 46
23 51
27 39
66 32
49 36
64 21
16 14
27 28
6 28
29 10
66 49
9 60
66 20
41 46
17 62
39 13
14 1
66 29
66 18
45 23
9 43
2 21
34 65
16 28
4 45
3 46
9 12
26 6
44 61
9 5
57 70
22 28
35 51
58 14
2 39
66 19
39 7
41 14
46 36
55 5
67 42
29 21
40 22
54 69
5 44
59 6
38 17
54 23
66 6
48 45
65 10
9 24
8 7
6 39
35 25
33 42
40 33
57 46
18 43
4 38
40 56
20 56
38 56
24 14
40 18
33 27
9 47
11 37
9 63
5 29
65 61
49 12
49 65
11 46
20 69
38 19
18 13
24 3
40 1
19 13
54 25
31 21
35 70
31 17
39 51
33 28
26 58
19 36
9 67
12 42
58 10
25 45
7 13
18 29
64 41
64 17
19 43
55 69
9 35
13 10
27 65
15 34
38 3
38 41
15 62
47 59
53 45
47 29
3 32
17 14
48 23
35 56
30 48
45 36
11 6
1 13
70 37
65 7
69 48
44 29
4 6
18 56
22 19
35 21
27 4
33 53
19 60
26 3
24 31
15 16
59 51
9 66
67 18
29 39
47 38
64 27
35 8
70 36
69 12
18 41
59 70
8 45
20 27
14 10
68 39
55 13
38 12
57 23
14 46
9 1
40 15
61 62
5 6
33 2
19 10
59 26
4 41
64 55
54 50
27 50
61 46
M 
M 
M 
M 
M 
M 
M 
M 
M 
M 
M 
M 
M 
M 
M 
M 
M 
M 
M 
M 
M 
M 
M 
M 
M 
M 
M 
M 
M 
M 
M 
M 
M 
M 
M 
M 
M 
M 
M 
M 
M 
M 
M 
M 
M 
M 
M 
M 
M 
M 
M 
M 
M 
M 
M 
M 
M 
M 
M 
M 
M 
M 
M 
M 
M 
M 
M 
M 
M 
M 
M 
M 
M 
M 
M 
M 
M 
M 
M 
M 
M 
M 
M 
M 
M 
M 
M 
M 
M 
M 
M 
M 
M 
M 
M 
M 
M 
M 
M 
M 
