60 199 100
14 68 60 4 16 57 5 37 79 59 89 38 87 71 33 66 29 70 99 91 42 64 46 97 32 44 63 43 39 74 52 75 25 40 80 84 93 98 90 17 26 49 15 67 85 1 41 65 3 0 96 95 56 45 11 77 6 27 30 55
13 26
47 25
54 52
29 3
33 22
57 51
14 1
47 53
57 38
57 56
30 36
48 36
2 26
12 27
17 52
12 16
47 54
29 56
27 44
54 25
20 26
6 52
21 6
41 24
47 58
20 23
3 40
14 37
15 56
12 18
55 3
48 6
5 19
9 35
16 47
38 52
20 8
21 52
40 32
9 52
48 23
10 15
41 34
57 59
16 8
27 36
10 17
7 5
19 32
16 5
53 34
21 45
30 33
16 60
9 4
16 52
16 28
2 47
45 15
48 32
44 6
20 60
55 47
41 18
2 43
10 19
40 17
13 17
9 47
40 22
17 60
2 24
16 33
20 18
55 24
27 37
42 41
16 39
1 60
9 17
46 56
16 41
21 18
39 6
21 53
14 3
5 38
28 17
33 24
42 2
30 49
28 37
47 1
54 6
33 26
42 12
46 23
26 22
27 13
37 19
20 11
20 38
16 36
28 19
44 22
29 50
43 8
29 37
27 8
46 45
54 50
50 32
53 50
9 21
1 23
29 25
9 45
23 34
49 24
16 31
29 24
30 21
29 60
3 60
41 17
55 56
8 6
3 38
57 48
42 55
51 11
41 33
8 25
53 17
29 54
55 40
44 56
14 32
29 49
12 54
15 11
1 58
4 21
12 3
2 18
58 15
3 51
13 18
10 40
16 37
18 32
4 49
48 56
28 56
45 19
27 11
42 16
10 33
3 34
59 11
7 38
12 11
4 46
8 15
7 12
16 15
29 43
5 56
57 52
4 36
42 52
45 51
5 43
1 19
52 31
47 17
43 52
42 56
44 60
37 15
43 3
47 56
53 19
53 54
29 57
42 39
30 34
29 12
51 15
57 16
39 59
43 45
57 3
26 11
8 23
39 38
59 23
35 52
57 20
M 
M 
M 
M 
M 
M 
M 
M 
M 
M 
M 
M 
M 
M 
M 
M 
M 
M 
M 
M 
M 
M 
M 
M 
M 
M 
M 
M 
M 
M 
M 
M 
M 
M 
M 
M 
M 
M 
M 
M 
M 
M 
M 
M 
M 
M 
M 
M 
M 
M 
M 
M 
M 
M 
M 
M 
M 
M 
M 
M 
M 
M 
M 
M 
M 
M 
M 
M 
M 
M 
M 
M 
M 
M 
M 
M 
M 
M 
M 
M 
M 
M 
M 
M 
M 
M 
M 
M 
M 
M 
M 
M 
M 
M 
M 
M 
M 
M 
M 
M 
