80 1074 100
73 76 95 69 4 53 41 78 49 97 74 27 8 26 24 47 42 79 88 9 44 93 25 35 14 3 40 38 63 51 19 43 28 62 13 23 68 12 37 65 94 15 59 16 5 72 81 46 85 30 32 31 52 96 60 54 80 36 56 90 6 91 64 50 67 1 29 7 99 70 61 21 34 33 66 77 0 2 57 58
40 59
17 9
53 3
13 24
18 8
43 55
69 12
47 22
69 31
12 27
64 80
36 2
19 9
19 34
48 47
75 46
4 51
7 24
34 67
3 79
76 6
19 3
4 3
20 73
29 35
18 46
57 33
52 60
34 22
52 53
75 72
78 79
1 66
64 19
32 71
47 23
36 60
69 56
75 56
1 44
8 24
54 51
43 79
32 35
54 62
57 73
7 10
49 4
64 4
20 55
42 37
35 10
64 17
17 18
34 26
26 28
19 31
26 15
77 74
31 3
77 32
1 34
57 59
30 7
77 28
65 9
30 6
38 9
75 55
61 9
23 26
21 33
76 63
71 21
49 50
35 9
4 27
24 27
37 63
35 57
1 64
34 25
77 60
73 59
47 44
17 35
13 7
80 28
75 9
18 3
54 4
69 5
69 64
18 56
68 9
16 22
70 7
66 7
67 79
75 76
70 54
68 33
42 16
8 59
57 50
24 2
19 20
61 13
77 66
5 79
17 52
34 53
19 4
26 31
10 73
70 24
60 79
1 41
17 10
17 68
7 28
70 8
35 25
17 71
24 6
80 16
50 56
34 6
47 52
29 44
69 76
75 70
58 28
32 24
15 31
34 28
45 56
17 41
16 78
9 67
12 35
65 78
22 39
57 44
8 6
1 32
5 27
18 79
64 79
58 7
26 10
69 77
30 68
5 3
72 21
1 51
61 60
75 52
51 79
53 37
55 76
43 14
58 18
12 76
47 4
24 67
32 52
7 50
17 33
33 56
49 74
20 23
32 11
55 56
60 2
75 39
67 44
23 22
13 22
49 9
34 60
55 37
49 51
23 76
46 33
80 4
12 68
55 63
29 16
80 60
65 4
62 74
73 39
40 2
77 50
62 16
26 41
12 5
66 46
77 73
32 23
7 2
66 41
78 14
71 68
36 68
8 78
55 31
48 32
71 80
47 50
45 25
72 51
40 6
63 3
61 72
17 12
35 41
29 46
32 54
71 51
15 41
57 2
59 37
49 79
43 38
71 39
49 14
49 8
32 33
80 37
61 15
22 78
19 66
1 48
69 37
16 23
70 45
43 63
7 46
12 25
47 14
67 76
77 14
55 59
39 51
5 56
36 26
30 22
66 11
29 15
75 1
77 44
51 33
75 47
4 15
77 67
69 44
25 37
75 58
53 33
1 78
21 59
42 12
44 33
21 37
38 8
77 26
42 34
42 69
46 6
38 74
45 14
80 56
71 73
7 21
61 54
7 39
74 76
38 59
46 14
45 22
23 31
4 37
47 9
38 26
45 31
17 59
31 44
48 53
43 50
66 28
72 50
60 27
24 56
48 4
70 66
43 74
52 25
36 65
71 63
75 4
30 44
13 73
13 31
43 56
61 52
36 50
26 74
41 59
53 2
13 14
65 74
23 25
36 34
29 8
36 11
4 5
58 16
48 45
20 74
34 4
16 21
70 46
65 67
15 53
58 17
70 80
22 9
77 40
43 10
19 74
32 10
77 10
28 33
5 51
61 45
28 21
52 55
17 73
7 26
31 37
4 14
17 67
41 11
74 78
16 73
64 59
1 59
69 58
65 6
27 51
49 28
18 63
48 6
62 11
7 74
77 71
12 63
53 24
72 47
20 67
26 78
54 68
32 65
18 26
58 67
69 62
46 11
15 51
36 64
1 56
52 56
28 15
42 67
10 63
5 59
69 67
38 41
66 68
80 55
17 34
75 29
35 40
12 46
61 44
30 11
2 56
51 3
80 44
38 76
17 79
71 14
45 28
25 3
16 59
45 10
12 74
60 14
32 12
71 45
17 28
13 45
13 5
77 18
53 73
32 25
66 59
70 60
28 78
23 74
31 73
17 66
62 2
69 78
57 41
20 76
20 14
45 67
74 27
53 31
75 45
20 8
47 60
65 27
24 74
49 70
62 34
77 53
69 16
1 65
52 73
23 33
48 20
29 33
42 39
77 17
52 5
21 5
62 4
13 52
66 26
69 74
13 41
51 56
12 8
71 46
25 41
2 50
68 73
50 79
17 13
61 40
17 15
20 28
15 46
42 61
71 25
72 52
34 52
76 33
79 14
61 12
36 6
48 66
58 4
48 23
68 37
61 24
51 44
71 6
48 44
26 68
19 13
19 51
7 41
29 50
48 7
30 64
29 40
62 60
8 5
62 35
32 26
4 76
64 51
48 36
75 36
13 2
26 14
77 8
32 67
48 24
18 24
47 18
29 5
29 53
12 55
61 62
75 67
51 50
60 3
7 22
1 67
64 50
39 63
80 24
42 14
23 73
8 22
64 43
75 74
25 78
29 14
32 40
64 31
75 7
5 78
72 66
26 50
15 63
17 50
38 68
18 33
66 3
29 60
23 2
30 2
64 65
42 52
29 22
70 47
32 50
45 6
39 3
20 15
74 51
19 24
58 74
5 2
54 35
61 41
69 30
66 25
12 78
61 70
66 79
66 63
52 14
53 56
1 4
13 67
54 18
16 6
9 33
13 25
36 71
72 17
8 65
71 34
45 9
55 15
42 1
71 38
34 46
4 59
70 18
9 10
60 41
46 44
12 28
12 41
58 2
34 51
77 61
2 79
80 73
1 33
66 76
58 52
41 63
12 13
77 13
9 76
52 2
62 76
30 49
20 63
66 65
59 2
20 45
10 3
20 33
36 33
49 33
77 80
78 3
64 27
54 79
19 46
9 14
54 46
55 40
18 51
58 55
70 15
58 12
73 41
72 34
58 41
64 57
65 52
29 7
45 68
32 38
72 16
30 40
30 4
26 6
1 7
28 3
49 10
16 33
29 57
75 31
21 41
17 22
10 78
47 68
61 59
8 79
20 40
49 34
29 13
77 30
32 29
16 74
42 54
75 68
21 3
9 2
34 73
4 56
54 3
47 67
69 24
61 34
19 29
17 74
49 21
40 37
54 14
17 57
30 24
19 15
36 3
43 62
52 9
23 5
4 22
4 73
61 68
75 69
45 34
12 73
65 10
41 33
29 11
64 24
19 71
16 52
42 57
49 25
64 47
32 43
32 37
54 21
35 31
47 78
75 8
48 56
23 55
40 67
70 50
26 5
77 22
21 25
43 26
40 14
49 41
72 32
18 57
30 51
69 34
77 59
17 76
38 16
63 79
80 6
36 44
61 16
30 34
27 2
35 73
22 14
72 65
66 22
70 25
42 51
77 4
71 18
47 41
45 24
48 26
78 37
61 28
43 73
49 60
63 56
48 55
8 33
38 51
8 56
27 63
54 50
15 73
80 59
32 80
47 28
17 54
54 47
42 4
20 65
29 47
54 2
15 5
8 53
18 11
35 76
32 73
26 33
13 46
13 44
48 27
2 3
16 40
7 51
80 38
15 2
69 4
8 9
13 27
8 52
35 53
42 18
49 62
58 51
4 41
30 8
22 2
69 36
19 60
66 57
64 10
48 80
54 44
48 12
1 80
45 39
71 55
80 10
69 33
61 8
62 57
58 14
28 73
30 71
13 68
12 56
77 55
36 19
77 25
17 27
71 76
72 80
18 23
31 39
36 80
8 76
20 43
54 59
71 13
13 80
16 57
70 34
1 25
32 49
65 44
17 43
30 52
74 2
30 12
4 78
45 3
38 22
72 35
12 47
70 10
62 73
35 16
32 4
26 73
76 50
1 13
68 44
32 5
68 27
32 16
9 41
65 31
36 73
13 50
66 27
77 29
73 11
27 6
70 16
80 8
8 41
74 31
64 53
19 11
36 39
1 63
23 41
72 12
24 37
39 79
74 67
66 15
32 55
31 14
45 7
1 74
77 49
34 10
60 63
48 54
27 37
27 50
32 15
64 73
1 76
24 73
71 37
29 4
71 2
64 3
75 5
74 5
72 56
19 8
66 6
48 60
40 78
19 78
43 22
4 33
49 76
26 44
17 40
15 27
66 43
18 34
32 7
18 40
61 19
75 63
43 18
54 45
69 2
49 24
16 25
12 49
66 73
30 78
29 43
42 47
25 76
1 79
34 37
75 43
80 15
28 79
45 35
28 24
58 62
19 40
25 50
18 14
43 53
55 79
12 23
40 79
53 51
40 31
69 25
36 37
77 1
9 3
8 55
42 59
77 70
18 7
80 23
28 63
47 35
46 74
4 28
21 79
28 25
53 79
15 33
30 73
23 14
64 29
77 15
60 73
1 6
50 11
20 2
30 46
49 45
13 8
17 3
71 62
75 16
9 51
75 64
36 52
12 9
1 29
80 26
49 3
48 2
73 51
20 47
46 5
8 35
15 24
38 18
69 57
55 78
62 3
78 44
25 31
46 50
17 32
27 3
64 15
54 80
45 59
68 53
36 79
17 80
59 14
75 10
9 37
40 3
34 78
32 76
21 27
60 51
80 79
61 66
29 65
1 17
40 5
64 22
62 24
78 76
8 44
72 49
15 10
20 34
48 74
58 8
66 67
75 34
1 15
34 7
77 68
48 31
66 44
38 79
69 7
65 28
17 55
45 52
42 22
64 63
12 15
62 50
62 59
24 3
13 3
1 35
65 39
47 16
42 33
75 23
28 51
47 10
52 67
31 59
17 62
29 37
61 58
80 40
5 63
29 3
73 14
49 35
57 9
53 5
18 35
42 6
67 11
61 74
55 67
24 41
58 34
67 37
1 54
69 17
54 38
38 52
1 24
55 25
17 39
61 10
9 63
77 39
1 49
53 14
10 14
29 6
32 45
48 38
28 6
4 79
77 72
39 6
7 67
13 39
30 28
20 53
72 37
5 14
38 40
35 55
45 65
42 25
5 11
43 11
28 9
48 46
27 56
72 39
22 40
48 11
77 46
25 73
77 51
M 
M 
M 
M 
M 
M 
M 
M 
M 
M 
M 
M 
M 
M 
M 
M 
M 
M 
M 
M 
M 
M 
M 
M 
M 
M 
M 
M 
M 
M 
M 
M 
M 
M 
M 
M 
M 
M 
M 
M 
M 
M 
M 
M 
M 
M 
M 
M 
M 
M 
M 
M 
M 
M 
M 
M 
M 
M 
M 
M 
M 
M 
M 
M 
M 
M 
M 
M 
M 
M 
M 
M 
M 
M 
M 
M 
M 
M 
M 
M 
M 
M 
M 
M 
M 
M 
M 
M 
M 
M 
M 
M 
M 
M 
M 
M 
M 
M 
M 
M 
