30 151 100
34 36 20 46 88 12 52 13 16 3 65 42 7 74 6 9 17 19 33 5 60 87 32 57 85 80 92 82 63 14
30 2
28 27
18 22
2 13
10 11
21 15
18 17
18 20
21 12
19 1
8 1
6 20
26 4
13 25
16 26
6 7
29 21
30 22
24 20
24 23
24 7
27 14
27 26
16 4
19 15
29 14
24 18
29 20
10 12
24 14
23 1
6 2
8 3
9 8
30 17
29 24
19 22
9 22
30 27
16 7
6 25
10 8
30 6
27 20
3 15
11 25
23 12
11 3
29 10
18 19
28 21
27 23
18 4
16 1
17 25
16 10
8 13
20 22
22 17
27 2
26 15
10 18
16 19
7 17
20 14
6 13
22 12
29 23
5 17
1 14
2 17
16 9
29 25
27 8
27 25
10 1
6 1
23 13
18 27
18 23
27 13
10 5
26 25
6 27
17 14
21 17
30 28
2 7
18 2
9 25
16 18
29 6
28 23
6 28
16 14
9 10
27 12
10 23
9 20
22 4
30 3
30 13
18 11
2 12
20 5
9 17
10 26
10 13
5 1
26 1
10 27
8 12
29 17
21 25
21 1
9 7
3 25
8 7
11 4
24 26
23 4
30 26
10 28
3 7
8 22
26 17
28 22
17 1
26 8
10 14
9 14
22 13
6 15
30 23
9 4
19 28
17 4
20 8
9 15
30 4
6 17
16 15
6 18
26 22
18 28
16 2
21 14
6 10
29 30
26 20
28 7
M 
M 
M 
M 
M 
M 
M 
M 
M 
M 
M 
M 
M 
M 
M 
M 
M 
M 
M 
M 
M 
M 
M 
M 
M 
M 
M 
M 
M 
M 
M 
M 
M 
M 
M 
M 
M 
M 
M 
M 
M 
M 
M 
M 
M 
M 
M 
M 
M 
M 
M 
M 
M 
M 
M 
M 
M 
M 
M 
M 
M 
M 
M 
M 
M 
M 
M 
M 
M 
M 
M 
M 
M 
M 
M 
M 
M 
M 
M 
M 
M 
M 
M 
M 
M 
M 
M 
M 
M 
M 
M 
M 
M 
M 
M 
M 
M 
M 
M 
M 
